400 800 1 575
359 322 164
44 231 933
182 28 797
57 43 371
87 208 507
217 323 590
393 354 669
385 248 271
45 117 147
173 190 327
190 195 248
281 22 162
380 376 290
207 59 968
230 250 20
140 44 893
222 362 883
236 325 212
215 245 779
255 41 989
146 96 796
349 289 440
21 238 246
73 254 531
153 172 236
291 106 466
225 92 850
268 312 884
314 225 855
55 150 564
168 276 478
183 270 568
289 398 688
200 362 197
252 229 595
311 105 507
231 103 461
235 333 882
396 179 994
247 233 233
248 392 863
95 142 776
56 282 526
188 260 277
26 21 276
81 341 553
274 14 922
270 87 17
76 274 700
257 293 120
394 188 58
83 233 904
227 315 875
227 267 220
357 329 290
26 30 426
115 261 480
142 22 852
227 87 496
279 308 956
22 239 229
363 352 861
261 41 607
144 223 434
297 260 131
186 251 667
56 347 789
117 50 818
48 24 752
243 177 591
232 261 580
19 374 59
108 202 640
142 307 48
99 337 29
230 358 406
365 85 687
118 236 995
114 316 476
160 185 255
110 44 834
336 47 161
119 306 55
235 89 201
211 375 370
223 313 968
41 185 129
296 245 803
326 177 803
158 162 614
223 169 374
252 14 886
142 140 235
126 233 820
203 213 334
172 110 663
52 110 388
234 39 869
111 60 490
161 299 27
9 350 573
323 155 948
309 377 99
301 274 720
340 75 922
149 299 183
27 106 192
332 374 741
324 186 33
383 118 734
313 373 407
228 49 952
372 206 343
214 225 637
248 234 250
187 180 370
199 208 634
277 93 684
397 323 166
294 392 183
112 50 712
387 242 393
333 38 806
352 213 191
105 274 570
179 175 910
35 370 770
22 37 256
393 389 66
31 161 478
97 395 211
324 250 759
259 155 365
6 310 76
113 351 322
10 389 243
195 235 832
248 359 864
74 178 562
166 150 156
45 278 27
106 111 961
377 144 293
55 393 749
179 22 467
260 219 837
397 202 187
301 263 300
103 314 875
282 378 181
264 393 901
169 52 340
106 29 284
376 227 478
80 133 193
289 358 705
368 107 447
386 372 294
356 14 849
147 250 672
41 399 522
103 96 187
10 379 185
264 245 187
178 140 707
190 110 969
398 215 765
330 262 616
20 356 540
344 233 444
375 231 854
49 115 278
327 332 743
395 89 60
152 348 914
291 248 849
283 187 266
39 87 823
120 341 421
388 116 651
70 376 147
83 36 751
48 27 22
350 399 291
45 5 101
349 241 33
371 16 980
341 62 197
262 250 612
172 31 45
160 86 738
397 190 399
394 134 378
278 201 86
284 26 159
163 123 416
204 72 52
312 172 757
204 151 404
113 4 173
285 316 623
368 77 797
399 76 825
221 324 100
210 81 521
1 47 935
336 217 671
30 233 114
368 183 226
352 91 504
290 184 59
45 238 153
200 330 87
290 351 731
212 313 550
55 227 366
94 232 436
51 227 532
337 346 20
161 115 572
282 351 586
31 249 190
255 80 138
319 58 444
6 26 382
339 254 254
47 385 880
392 265 924
350 198 203
9 293 856
344 58 225
292 399 294
54 137 402
300 224 6
215 138 928
64 328 59
355 365 879
383 93 741
224 354 78
394 63 221
258 268 836
26 136 645
170 103 839
9 306 48
189 15 817
63 363 195
326 222 69
184 198 589
232 54 176
66 144 38
287 58 25
364 291 372
103 308 817
346 54 874
96 81 674
126 185 792
172 174 59
50 283 19
239 143 234
223 102 62
189 295 474
300 391 920
54 369 189
328 225 649
248 125 639
39 276 206
239 370 340
343 194 47
237 158 530
349 157 488
242 12 785
233 11 966
266 109 771
47 226 170
338 322 714
394 144 278
85 99 747
50 18 908
135 33 420
39 93 729
49 121 54
127 206 796
237 85 466
61 78 848
189 117 381
73 296 584
12 211 345
320 18 265
95 109 370
178 164 745
288 61 921
226 82 808
98 291 191
190 360 619
1 28 958
128 8 714
101 299 853
400 362 56
332 301 970
40 167 840
330 40 550
107 78 437
151 181 205
355 256 403
148 353 827
359 381 481
273 398 347
298 179 126
3 107 842
129 244 54
159 76 930
69 231 609
13 113 79
32 324 366
71 227 899
203 302 15
361 173 274
334 372 307
357 180 994
349 343 307
139 151 113
120 218 465
134 220 438
8 11 891
282 197 739
154 44 870
169 67 394
128 79 15
316 318 596
191 270 304
141 59 147
303 202 841
53 60 36
216 213 416
367 143 597
25 275 612
309 123 244
100 351 774
2 332 761
135 226 783
366 6 634
304 113 542
331 61 612
317 142 131
171 163 111
244 262 45
307 17 760
46 95 912
280 56 178
170 316 280
348 177 204
271 170 537
42 348 830
104 34 821
330 335 348
390 21 765
381 196 698
121 372 30
16 321 969
90 185 366
42 204 141
156 363 141
141 198 263
280 104 147
366 246 395
234 209 627
145 347 189
382 149 57
189 269 133
146 84 370
391 43 433
397 275 561
353 61 71
166 23 401
205 304 4
158 16 157
345 394 348
129 122 239
178 342 480
124 32 961
240 134 990
45 272 857
322 340 364
116 283 881
286 349 991
2 176 200
362 132 663
165 149 588
130 282 803
17 305 67
88 353 818
193 250 817
68 101 103
192 306 4
7 379 353
384 176 404
253 168 820
160 65 766
131 311 899
151 305 512
225 104 713
63 244 270
176 206 753
348 128 271
251 332 269
252 118 584
350 311 383
394 25 604
166 213 393
250 137 964
4 43 278
228 7 9
179 212 949
233 183 614
359 66 493
72 286 447
57 210 53
390 18 692
179 214 112
247 171 863
236 349 123
113 348 758
204 228 701
338 25 949
96 22 862
201 34 901
338 17 638
220 207 593
34 187 452
275 389 908
1 272 823
264 202 386
397 320 995
291 104 145
350 49 525
167 171 943
82 392 872
302 54 610
364 260 974
278 294 215
11 276 614
351 154 521
220 330 774
68 364 74
229 117 796
384 307 348
156 352 947
291 27 718
256 286 767
288 126 800
52 365 854
399 189 476
10 228 759
218 118 1
51 100 665
248 338 263
61 135 639
371 184 66
245 300 322
155 141 116
367 50 897
69 318 513
320 274 225
79 138 42
156 335 981
245 2 731
359 187 464
196 105 393
296 104 77
376 93 266
232 27 466
233 142 350
180 60 686
19 175 247
140 309 847
268 222 796
107 35 562
280 175 164
284 63 987
283 329 240
358 215 602
84 225 605
302 38 632
192 293 810
347 248 722
399 328 290
9 376 931
240 127 849
290 340 565
111 19 496
251 67 532
219 178 427
272 10 514
180 344 124
299 294 313
92 353 161
196 174 888
387 11 313
178 307 465
18 91 319
240 326 662
280 17 710
87 251 683
90 108 612
239 389 546
13 153 423
153 182 863
66 292 206
158 228 709
51 130 696
383 21 824
334 360 990
257 220 270
89 175 172
126 153 80
221 312 266
130 154 165
235 8 15
159 322 882
200 201 515
204 71 31
111 291 920
139 77 811
52 114 757
184 308 389
318 92 822
115 122 592
294 67 213
320 97 813
179 162 625
198 261 286
346 30 200
390 365 289
392 137 833
320 191 816
6 285 924
26 163 450
352 242 381
79 324 34
220 101 6
180 385 879
226 86 189
18 94 30
267 89 850
318 41 759
22 201 493
20 99 166
257 221 238
90 71 294
311 380 329
99 135 374
308 32 580
82 92 590
379 81 245
271 256 556
31 290 894
126 194 926
76 310 605
87 311 801
367 231 459
258 398 620
88 265 681
214 260 514
224 113 988
294 323 430
363 366 480
56 320 875
269 180 14
100 390 486
41 191 11
320 379 416
6 42 97
130 252 992
362 360 458
4 240 90
77 217 68
337 331 522
334 308 518
48 208 467
344 70 512
83 161 411
236 201 547
167 71 735
155 257 521
77 14 538
218 275 601
183 213 123
42 101 263
52 257 323
235 231 185
225 131 980
98 179 505
186 31 969
372 370 188
168 14 9
39 31 599
123 376 453
24 32 522
25 228 852
72 42 341
231 121 819
253 185 110
289 162 490
65 189 813
312 9 968
254 287 956
269 36 797
208 124 652
353 163 910
132 382 492
386 394 454
305 184 836
260 354 592
168 111 89
25 134 836
128 70 504
359 180 889
308 147 894
350 208 469
180 32 288
387 29 413
371 236 873
235 282 745
210 344 59
326 200 742
183 241 64
137 307 9
69 89 256
301 185 634
270 34 414
205 381 130
291 216 997
344 332 906
77 235 671
258 366 534
291 29 174
256 236 742
239 83 112
182 326 756
399 166 517
106 136 544
394 329 612
90 7 533
243 224 773
336 183 503
5 399 517
234 236 216
332 11 540
248 352 868
279 48 939
167 10 497
367 4 719
202 322 489
378 314 52
216 75 418
28 154 926
125 180 763
204 51 545
337 164 541
246 211 631
347 397 824
362 138 11
72 67 715
31 55 770
58 32 788
179 237 815
126 162 761
113 339 301
274 185 622
93 132 362
11 181 536
381 384 32
322 363 670
188 297 1
378 197 696
74 332 947
228 112 197
381 206 997
231 299 538
279 83 749
106 398 666
331 363 135
353 238 177
227 24 42
311 139 744
354 357 282
398 345 725
167 304 249
147 103 707
302 337 64
5 304 729
39 327 464
121 159 654
87 7 192
61 160 261
187 103 797
292 216 195
306 300 720
155 359 707
60 255 549
202 235 665
228 288 381
386 331 962
109 301 198
153 396 557
146 67 567
295 100 836
103 315 773
350 320 828
351 85 210
11 227 824
328 52 132
306 132 310
244 280 490
194 251 920
255 227 388
281 316 313
287 396 972
8 307 528
295 127 684
60 197 849
109 335 293
75 236 524
334 392 664
125 75 977
73 34 812
383 177 378
273 264 239
206 152 804
91 301 275
41 344 214
147 260 716
121 1 380
152 99 4
326 255 912
303 350 15
97 10 656
111 125 78
282 106 352
273 93 562
204 43 252
15 236 97
302 15 387
162 328 721
57 119 971
144 298 871
280 237 953
119 256 667
208 222 999
384 179 216
390 140 979
201 149 685
143 106 853
132 37 692
342 158 896
26 301 109
51 329 399
341 169 777
124 321 579
355 371 108
258 135 317
141 328 297
210 30 117
142 400 904
239 329 431
225 156 393
141 303 811
291 273 694
111 112 548
273 313 15
209 196 214
313 345 358
99 188 884
297 370 8
54 103 156
149 133 25
127 357 544
223 20 263
197 373 183
35 277 142
98 221 244
395 331 251
119 233 672
178 34 674
20 91 682
396 52 656
159 394 377
400 239 609
264 256 459
260 285 993
264 310 973
87 328 874
68 66 36
313 207 822
98 317 17
260 290 182
139 205 794
366 136 933
226 51 203
285 65 811
244 378
