800 799 2000 177
176 25 143
26 95 648
43 604 511
244 227 525
505 578 194
452 621 545
798 57 246
507 93 770
336 208 303
53 747 161
204 323 778
492 382 580
366 46 424
292 178 440
590 760 928
390 114 566
7 478 789
354 223 511
420 714 535
531 254 359
56 270 691
514 731 253
159 91 441
8 520 292
29 711 21
297 722 953
543 789 23
576 309 940
487 11 67
10 163 546
426 792 514
296 373 259
418 180 734
306 190 555
287 536 488
249 204 907
531 566 532
601 107 951
212 489 343
618 169 92
389 262 891
688 530 707
401 307 299
755 219 613
592 178 777
718 445 618
346 107 749
482 64 945
14 474 953
314 351 782
438 410 423
184 60 256
438 97 863
40 170 88
26 740 825
248 324 322
482 780 373
127 146 713
92 352 207
57 648 325
158 301 450
204 478 214
575 338 997
381 537 923
127 415 33
381 70 675
579 642 934
255 572 990
702 610 511
580 292 480
89 131 210
572 272 582
283 469 757
709 552 778
509 510 416
582 658 453
53 769 498
508 122 128
570 450 91
646 589 284
208 315 879
247 394 582
296 593 271
475 677 246
635 637 560
545 350 754
325 340 67
779 299 33
170 81 777
689 522 382
29 730 879
216 498 131
219 626 514
237 1 738
88 579 543
10 592 978
782 105 773
427 168 627
331 343 151
375 234 343
745 681 170
189 430 691
764 383 319
91 444 916
168 465 110
380 717 998
220 230 608
276 577 264
448 528 645
645 273 995
123 2 709
695 327 635
422 691 107
677 89 374
38 205 11
650 322 229
403 698 416
166 590 610
679 678 95
572 360 590
558 690 839
357 726 314
787 280 862
526 670 289
76 790 305
446 322 696
507 69 967
741 284 283
25 379 751
255 649 801
699 767 224
124 622 398
653 610 989
767 738 280
500 663 895
13 66 890
125 156 534
441 509 427
631 633 692
433 716 881
774 41 779
516 394 89
151 621 197
425 12 281
632 219 724
643 245 427
264 659 246
166 75 73
146 106 849
271 546 558
680 241 42
230 394 209
60 519 892
333 100 384
243 649 460
123 344 651
91 503 687
755 144 308
72 313 526
386 14 763
719 706 423
443 375 794
536 466 111
783 562 352
231 224 98
86 84 277
643 151 365
184 600 62
7 293 527
332 689 780
671 319 477
148 528 486
171 516 702
683 354 783
348 492 308
556 275 242
296 617 346
412 22 560
415 505 821
302 75 867
57 548 751
224 389 577
390 250 117
597 754 334
781 695 661
132 510 283
154 110 50
741 105 584
730 435 433
161 201 687
308 173 115
237 627 115
291 774 933
73 722 66
674 452 32
587 631 536
579 405 815
290 63 466
161 32 619
534 254 221
479 424 248
525 407 621
756 738 490
531 623 153
431 666 281
337 708 94
710 685 7
287 184 952
499 313 462
495 447 76
351 529 357
98 99 939
483 269 780
381 38 592
162 187 851
687 679 816
641 392 424
786 81 210
306 81 205
627 643 779
482 732 69
761 531 474
320 80 113
223 529 484
87 257 906
13 58 118
739 220 535
292 37 893
241 741 884
777 435 619
666 127 643
589 342 233
675 142 896
9 692 133
525 111 968
555 401 994
762 562 337
723 74 751
292 757 980
565 214 947
726 352 4
664 478 213
455 505 691
693 378 505
789 144 471
473 746 820
754 287 435
544 694 495
346 183 963
738 624 629
239 341 312
485 435 14
517 208 816
467 505 552
292 262 116
136 164 660
247 287 801
513 295 965
719 473 462
660 559 457
203 399 751
196 284 504
130 423 551
394 183 591
221 739 693
186 97 193
643 348 510
528 362 122
382 666 723
17 658 668
640 461 102
702 641 292
394 8 155
54 192 513
574 264 179
165 625 25
699 722 336
147 557 979
366 658 600
544 423 334
547 400 106
277 105 616
729 800 693
742 221 746
249 669 74
462 620 976
661 723 715
757 462 762
29 776 530
59 128 840
746 301 288
707 43 950
396 318 877
580 796 629
352 328 759
243 425 435
233 7 604
440 430 960
139 725 448
619 552 884
365 432 879
181 231 169
187 452 263
111 628 25
581 497 230
198 727 781
646 598 657
93 191 498
729 685 325
715 191 986
52 345 374
387 738 736
793 539 340
454 558 555
703 210 982
603 421 832
106 212 871
653 576 785
28 249 440
403 293 269
115 263 334
34 413 695
66 302 153
587 555 63
430 639 224
701 494 541
623 760 726
1 88 627
751 597 62
462 299 38
320 508 827
629 680 363
101 782 411
546 586 300
302 207 340
235 329 278
593 404 144
485 683 800
634 115 262
243 160 581
776 791 536
365 497 466
726 537 19
588 442 752
781 635 45
727 518 460
643 435 512
668 345 437
668 511 868
722 30 534
357 22 243
488 769 634
288 46 811
636 490 140
216 564 819
768 765 57
736 694 521
235 69 452
121 583 567
773 579 219
284 252 132
685 504 31
208 630 381
36 714 351
560 795 544
115 417 212
186 215 608
35 23 752
605 632 927
437 292 262
193 284 943
236 761 797
192 775 573
153 677 470
163 410 36
571 620 542
609 678 70
32 529 197
121 534 647
429 347 775
25 688 9
512 286 904
5 585 800
295 634 705
385 680 576
363 499 859
97 637 937
346 717 801
277 698 647
193 421 442
489 309 11
40 435 623
560 449 329
119 158 856
42 432 797
478 80 726
250 457 634
789 472 467
37 14 96
798 730 806
495 608 313
351 289 777
664 364 660
169 619 873
375 245 10
742 229 851
212 709 320
216 600 718
456 513 481
499 103 356
717 578 851
9 188 61
425 350 840
409 44 860
123 675 185
45 345 285
204 260 488
424 786 529
237 329 148
701 524 565
295 58 14
345 541 429
486 340 789
83 693 830
97 488 156
600 589 879
403 405 837
734 267 609
631 111 173
561 538 424
722 526 63
292 495 48
209 536 721
447 334 754
132 493 347
707 510 234
356 670 71
93 503 78
16 737 111
161 79 221
725 622 339
384 430 584
85 270 488
197 615 392
554 363 47
223 555 7
292 726 73
604 241 4
13 90 277
526 550 837
361 642 116
157 410 578
454 408 482
753 57 697
698 637 856
127 288 259
304 294 695
576 263 714
628 502 340
789 332 531
541 502 129
62 413 618
110 146 164
692 624 898
762 606 824
287 687 824
626 412 290
39 68 263
788 333 250
431 150 969
766 446 421
780 679 713
588 565 439
218 403 102
799 39 701
491 486 814
359 259 332
346 308 49
104 684 863
663 489 470
689 259 835
694 763 8
577 371 407
715 617 630
152 179 384
110 506 287
614 462 482
166 24 380
743 498 440
76 165 623
275 15 968
47 541 766
139 105 579
416 534 287
582 5 163
313 39 334
744 311 682
596 686 356
437 168 30
261 156 10
393 492 589
767 261 235
281 465 577
714 312 511
69 703 170
615 732 847
116 68 966
238 445 701
326 149 176
39 270 555
437 671 618
581 742 909
794 453 760
89 76 322
598 545 369
147 206 763
62 689 718
104 499 773
559 97 246
226 167 659
496 538 859
125 513 485
697 624 178
299 310 746
430 437 833
427 765 993
267 690 841
63 590 233
758 49 451
177 244 146
560 356 861
43 408 269
318 553 751
719 733 339
268 189 270
632 185 349
521 728 433
70 83 419
428 431 443
770 328 370
190 175 65
755 280 165
380 682 157
751 112 687
557 353 736
468 142 438
533 138 864
340 416 639
626 744 950
249 594 765
278 577 380
458 350 758
763 476 674
732 358 201
716 798 979
123 324 390
550 567 341
659 180 165
521 614 168
79 636 157
94 68 404
135 526 838
480 483 786
457 566 169
341 270 850
473 430 655
77 101 139
65 625 212
170 700 722
663 727 772
728 686 698
642 278 359
739 179 430
685 180 475
422 589 997
765 109 787
740 526 875
245 165 173
792 734 853
700 228 224
367 442 799
217 207 866
613 663 231
526 99 126
360 565 387
554 147 220
752 531 144
346 762 889
527 163 769
338 661 960
35 174 806
71 512 914
740 20 90
176 457 482
492 556 75
13 368 956
396 663 816
453 254 616
599 61 13
137 799 429
561 267 53
797 698 446
688 103 787
336 519 485
737 298 964
390 194 365
492 225 143
244 782 825
542 418 905
655 386 769
361 54 860
555 708 597
657 447 858
88 55 561
446 701 749
448 720 69
715 469 44
463 618 458
395 275 815
439 341 221
695 200 542
752 324 822
449 291 831
188 339 24
616 9 303
102 245 616
735 710 557
255 551 924
178 656 667
359 330 144
720 784 3
715 120 61
779 402 138
762 51 100
48 770 272
37 155 56
342 335 195
483 3 913
537 27 810
360 414 715
253 735 576
524 665 228
417 672 13
23 211 810
89 232 518
282 453 531
264 703 266
187 611 539
285 742 822
129 681 828
599 681 77
303 164 456
240 658 534
304 119 272
306 172 669
179 640 268
679 477 193
114 129 226
326 712 206
737 795 771
195 590 450
310 723 110
134 331 93
192 362 494
103 569 605
246 182 156
568 311 912
425 540 256
138 609 192
346 612 585
595 499 120
429 620 975
199 217 85
758 279 340
129 136 395
724 455 249
121 705 56
459 248 345
113 543 802
371 419 183
198 238 895
763 615 275
63 785 777
543 182 582
749 765 890
49 721 656
613 524 546
333 557 123
440 33 693
265 217 200
290 355 543
713 685 127
471 775 657
71 201 875
237 266 464
480 620 148
167 339 112
317 521 325
714 323 427
523 211 24
515 196 360
647 320 178
771 345 119
570 696 442
126 657 44
784 400 689
538 273 775
533 584 816
388 297 42
409 138 171
462 305 979
460 225 871
67 780 910
466 586 919
520 326 304
625 398 988
133 113 615
35 259 550
67 434 88
114 11 434
453 772 763
168 369 728
662 330 658
168 532 753
134 794 829
638 83 536
556 251 156
704 201 789
483 406 204
539 727 776
18 267 967
274 353 585
771 21 63
145 736 100
261 758 976
140 357 741
690 391 588
640 514 580
44 484 814
220 78 814
360 667 491
574 370 45
332 654 639
676 770 289
115 84 507
386 464 991
202 665 89
397 459 800
99 399 637
50 73 122
643 750 2
108 441 537
607 37 790
331 411 805
19 579 657
156 316 504
673 616 870
481 334 276
266 652 661
602 28 981
222 35 895
673 374 225
707 591 646
372 280 758
356 376 21
82 123 493
778 622 397
731 748 59
258 689 764
545 96 768
696 241 130
470 519 748
469 6 202
213 152 850
300 769 538
704 535 361
376 377 17
567 59 95
537 256 754
87 256 217
516 501 24
160 759 66
436 750 441
679 117 799
379 141 484
130 349 459
175 563 396
149 118 423
740 4 301
321 685 114
383 646 462
451 450 62
483 31 890
573 534 138
437 549 267
336 644 142
151 651 622
143 528 574
242 782 23
321 104
109 354
43 716
503 146
736 434
300 535
691 244
404 204
320 734
407 216
166 132
742 104
103 383
198 442
248 713
361 244
345 348
234 739
654 541
691 769
555 37
438 738
246 283
117 109
514 749
508 545
700 192
165 709
536 310
438 366
123 645
418 59
615 480
431 684
128 733
159 381
286 111
779 516
1 195
247 212
430 461
681 636
172 66
363 563
153 391
274 83
210 565
648 244
311 556
257 362
83 770
465 483
141 234
181 794
514 45
57 122
496 543
151 65
392 221
445 586
171 21
166 232
784 513
777 751
269 551
542 471
703 472
485 605
95 593
451 272
511 230
362 257
498 243
221 553
413 538
348 34
45 482
612 318
610 243
445 34
148 625
680 1
523 588
204 670
300 409
20 372
274 213
795 372
285 526
675 232
587 665
19 466
166 414
108 238
271 493
692 207
111 38
784 347
578 327
356 490
293 393
368 480
263 165
284 347
749 121
157 176
1 359
534 660
502 746
56 40
429 663
104 562
622 86
451 54
182 435
27 105
43 592
109 272
373 238
173 295
376 754
430 776
498 211
421 80
1 102
498 436
78 306
485 603
600 593
510 113
703 165
651 396
550 690
642 759
33 630
534 27
228 330
536 161
425 469
758 63
480 667
437 90
307 342
658 666
238 407
465 27
127 10
614 539
220 123
385 706
725 540
463 442
517 5
112 125
483 487
277 470
330 182
537 325
42 536
378 689
4 100
598 385
196 407
797 742
346 438
303 96
630 653
760 726
145 304
539 276
665 256
173 518
342 623
639 177
413 296
786 641
684 389
69 620
158 425
280 240
639 656
533 792
344 570
56 637
797 470
182 280
55 97
241 418
490 152
496 794
731 782
304 533
553 726
161 212
90 280
628 475
461 43
654 184
271 3
117 338
52 332
64 604
120 462
724 715
189 605
665 30
516 102
399 444
155 461
427 385
293 361
745 98
321 607
700 592
30 316
450 480
272 532
593 696
390 740
154 230
61 24
770 282
399 308
61 285
450 716
593 351
1 523
588 20
119 138
579 86
311 288
668 229
607 617
139 758
251 554
358 549
38 635
559 139
595 762
748 477
259 244
40 48
763 1
447 244
62 12
97 403
90 716
413 682
74 782
760 140
25 574
259 272
100 620
633 491
682 215
39 313
760 645
49 513
517 601
68 192
358 463
623 466
372 542
646 666
467 165
293 518
128 113
688 281
356 522
471 662
195 740
123 534
619 746
771 666
407 459
131 712
719 142
213 485
69 14
376 748
440 256
119 425
168 346
472 448
484 578
213 505
457 85
195 688
266 174
677 479
614 225
276 543
594 659
26 485
706 540
309 105
642 175
491 205
19 618
558 331
545 740
137 1
136 262
492 336
382 719
734 702
216 195
782 235
672 72
158 461
217 208
17 515
739 512
161 249
520 396
773 472
572 780
606 32
86 438
298 32
505 514
146 365
637 700
318 164
163 789
478 148
342 249
100 30
286 90
151 774
386 784
750 258
726 71
402 154
663 325
245 132
217 132
480 283
687 397
439 442
328 248
717 608
533 397
712 264
457 730
40 128
362 508
729 250
338 612
658 488
65 654
75 48
401 300
572 338
168 569
732 43
551 281
775 69
612 444
64 18
104 633
799 117
14 624
773 702
640 447
92 91
681 611
734 481
346 326
721 288
54 784
364 712
789 105
174 748
380 775
702 612
207 767
615 130
19 560
282 521
4 272
454 204
501 522
33 158
177 275
721 198
228 535
307 180
621 204
694 655
145 169
101 326
558 315
671 177
83 687
306 144
68 556
37 647
629 332
132 445
120 145
726 75
331 423
419 6
322 379
568 22
374 737
522 679
596 524
761 20
120 566
516 140
772 639
770 476
496 316
498 614
12 623
713 377
780 562
732 338
158 272
655 200
604 778
118 115
382 215
324 626
636 259
644 69
775 557
347 540
201 779
362 117
397 4
302 407
354 716
774 409
320 422
448 418
632 259
787 675
20 553
225 712
627 73
292 754
595 407
353 393
179 142
458 507
301 482
651 154
196 797
232 526
560 176
313 224
487 728
63 739
24 354
416 231
175 326
684 383
495 669
274 572
699 481
7 25
486 612
30 314
381 65
590 16
517 9
470 79
416 632
204 664
411 52
27 749
61 49
688 212
237 321
643 348
769 99
630 446
421 588
414 430
161 368
26 232
750 255
735 593
421 122
529 437
714 525
154 723
404 657
528 586
386 696
139 630
727 209
238 669
624 99
347 259
114 588
240 186
539 443
184 372
774 722
376 161
474 649
479 532
793 626
551 596
270 47
341 634
183 322
395 113
558 726
36 75
213 571
334 425
345 715
549 259
1 218
1 86
18 430
699 364
577 327
127 316
332 662
545 293
642 27
430 301
8 245
731 734
163 67
163 169
398 295
683 106
422 497
229 409
434 761
481 329
365 417
236 361
426 476
219 399
700 259
351 180
533 655
721 172
237 648
629 607
628 262
449 79
155 343
262 636
719 387
257 27
58 777
669 545
519 574
400 59
415 28
550 141
542 580
350 529
394 723
615 310
226 702
7 76
214 40
373 549
544 328
180 396
650 569
364 93
343 227
98 349
506 119
592 506
479 354
75 772
16 577
479 217
299 799
101 790
762 202
166 173
107 423
158 521
768 513
281 269
685 760
765 324
593 501
765 30
314 625
430 254
768 454
424 259
795 194
627 102
117 294
709 424
38 330
253 463
540 397
476 546
450 331
126 437
309 548
345 651
561 566
725 238
525 404
515 160
298 196
45 142
787 760
490 622
17 75
788 20
439 571
693 227
546 116
448 424
450 127
144 353
731 670
387 607
226 243
344 329
777 408
442 247
718 731
763 189
210 773
225 191
431 139
328 179
312 690
44 691
355 62
704 355
519 557
38 446
319 582
133 493
259 383
615 726
265 123
313 329
109 181
367 19
584 289
491 623
32 294
632 466
129 415
546 162
554 754
220 482
240 442
444 766
285 542
96 306
578 679
773 281
307 366
612 11
605 492
346 76
20 744
50 701
247 216
78 284
674 1
758 681
449 366
429 712
722 208
40 108
657 542
717 595
297 749
723 539
204 261
704 197
12 582
395 473
253 564
581 389
242 178
459 332
134 66
711 243
146 319
662 698
752 246
277 693
230 350
450 487
787 190
700 765
141 756
489 490
148 26
488 239
565 89
790 654
92 276
702 732
612 710
430 325
741 748
227 232
724 628
72 222
215 98
360 632
130 222
12 331
313 159
270 20
597 64
467 112
108 453
547 436
268 396
272 747
275 162
305 46
697 356
111 457
386 533
132 117
550 351
766 165
35 498
438 630
692 281
171 49
334 275
156 784
410 377
503 244
174 792
639 349
241 464
464 507
199 653
395 697
645 507
455 425
158 471
248 6
437 44
148 723
685 774
456 226
790 640
120 601
333 191
151 83
370 534
500 10
208 48
513 680
785 126
367 723
704 288
708 626
106 395
352 378
499 334
357 158
204 67
190 237
358 299
798 330
730 222
526 21
611 612
629 193
345 579
386 175
369 294
82 100
107 126
246 201
29 676
444 349
94 683
27 372
153 13
533 549
289 547
379 695
661 171
409 725
42 731
444 298
377 450
77 244
10 29
11 740
36 786
678 164
325 346
153 430
212 440
490 422
473 759
644 237
788 367
720 636
98 769
509 432
598 702
656 593
432 514
298 437
387 649
335 282
204 455
527 305
138 703
432 245
762 456
781 763
318 718
562 339
292 216
164 517
311 533
642 111
514 105
735 24
66 118
115 546
452 44
749 234
438 76
534 189
342 154
302 506
104 380
744 762
111 603
191 245
800 629
98 693
488 77
68 589
721 561
678 189
700 312
449 320
289 699
458 642
264 642
257 658
465 253
642 507
260 353
385 425
460 737
405 137
787 112
267 530
126 424
190 756
549 344
754 379
269 762
354 552
23 560
393 19
577 79
155 519
304 754
169 491
631 319
630 150
62 407
658 194
733 387
446 791
216 202
548 554
352 148
666 50
30 756
784 335
67 251
15 142
619 594
135 713
637 309
15 660
159 666
362 730
129 447
645 730
465 266
525 444
761 781
370 710
197 138
34 354
419 189
166 796
293 212
783 570
643 429
372 566
237 427
162 252
348 391
784 191
736 345
531 560
114 769
268 53
13 592
302 267
396 647
725 76
291 414
489 574
286 22
440 201
605 777
780 291
339 469
440 432
722 210
41 146
587 367
445 364
327 625
781 75
521 435
718 692
415 596
44 761
331 183
421 428
621 398
658 317
327 584
497 50
111 574
707 541
723 175
236 686
594 310
220 263
401 470
423 465
300 122
691 779
550 784
320 763
501 726
133 237
691 721
753 708
185 92
95 753
98 359
108 129
411 592
353 169
255 434
588 757
128 374
764 180
274 603
686 7
218 505
63 84
336 27
218 97
347 333
772 15
779 41
664 348
163 710
108 512
727 274
545 655
159 140
397 718
786 24
621 71
780 451
129 398
744 270
77 258
668 425
607 553
411 304
604 313
430 151
122 730
137 656
800 592
273 74
356 467
706 341
162 344
370 376
425 613
224 525
258 32
727 502
187 110
214 124
655 334
659 345
415 692
35 427
475 687
751 624
468 713
551 422
295 547
497 140
656 195
380 479
798 343
255 313
182 168
216 335
586 476
368 304
130 790
607 366
48 423
629 308
322 668
697 446
763 178
101 431
195 338
495 624
190 689
306 268
580 777
247 449
417 724
789 337
435 498
255 136
531 776
116 738
644 157
663 528
274 546
180 58
499 50
789 378
472 523
748 244
433 349
194 351
489 396
411 771
138 596
720 42
694 725
254 791
650 592
383 596
397 515
742 739
588 311
108 195
52 126
649 739
164 624
439 386
493 372
332 736
765 266
415 146
523 488
274 643
112 552
535 11
283 296
619 203
130 359
422 458
377 586
791 187
32 424
279 614
342 23
368 170
8 409
256 637
99 545
8 76
159 673
189 768
461 622
297 105
16 582
668 498
443 456
578 420
434 234
781 281
755 588
7 364
214 799
621 738
58 540
591 439
280 604
565 612
208 599
564 513
73 506
541 576
283 237
452 366
161 325
542 676
15 500
121 671
555 733
15 787
348 515
83 510
648 156
496 144
676 177
775 3
555 175
41 43
792 707
451 418
142 73
633 377
458 569
767 613
714 527
505 137
459 555
755 99
173 491
17 149
69 492
271 498
589 296
41 49
433 308
313 597
67 336
172 530
789 382
373 239
147 579
389 143
484 623
41 741
198 398
58 152
377 20
509 621
462 118
522 734
17 718
586 203
469 623
283 427
383 97
529 215
177 145
155 676
466 293
290 278
89 725
581 85
406 407
80 6
83 9
16 117
599 19
470 677
136 757
355 175
287 492
378 656
735 219
268 53
243 776
318 170
420 203
204 104
266 333
433 347
694 83
67 303
267 303
330 291
428 506
643 164
718 431
673 308
678 558
216 79
506 64
767 448
645 711
725 193
327 741
409 257
557 284
216 107
156 349
576 234
735 674
646 756
573 612
411 409
396 364
607 436
774 196
136 766
238 651
335 71
594 174
786 773
344 608
10 472
625 166
672 541
419 124
57 27
176 77
603 668
127 73
387 677
620 374
178 151
414 360
636 768
259 628
5 357
718 457
781 558
630 267
581 257
537 142
686 179
290 366
452 174
628 354
606 26
728 637
286 775
425 766
366 313
350 443
715 5
130 216
561 788
79 683
695 20
506 173
320 351
336 490
578 133
66 774
115 504
639 405
230 287
639 776
290 448
164 136
661 491
137 663
252 300
557 669
641 353
201 694
741 247
677 299
22 375
706 627
544 545
505 168
339 722
752 329
523 64
466 556
597 265
191 294
525 187
697 648
459 257
800 745
466 546
679 260
120 448
532 91
286 74
10 333
431 342
596 474
441 435
346 217
551 71
538 683
93 142
8 591
597 281
789 744
276 217
64 394
172 494
248 135
376 589
661 316
420 260
112 630
595 786
283 149
103 23
608 259
464 589
535 530
400 373
326 467
308 625
592 190
669 362
46 471
594 516
126 243
626 195
760 67
735 125
485 195
238 426
769 597
66 244
372 658
457 381
664 661
4 516
753 372
143 429
573 757
481 115
248 80
633 253
574 639
498 705
371 315
266 760
260 83
170 255
312 14
341 3
137 672
632 789
445 617
585 313
168 446
438 456
559 161
379 799
325 392
481 761
751 245
374 141
616 748
159 428
152 303
782 130
762 205
384 578
541 658
91 124
505 545
685 684
89 484
414 719
188 124
49 786
498 575
267 509
7 190
559 579
565 601
151 509
466 80
258 255
115 266
42 501
494 526
398 754
663 248
73 793
232 244
313 722
635 799
45 752
702 125
197 206
711 312
121 324
556 721
643 161
60 370
42 675
482 417
171 795
219 375
797 70
778 261
761 189
422 632
180 614
16 354
502 608
405 444
399 102
235 100
729 133
425 616
577 239
728 197
71 180
572 311
737 212
339 573
674 627
436 390
118 273
210 158
97 763
231 788
737 597
150 439
246 602
384 382
605 417
559 4
491 531
166 355
562 264
16 393
514 220
548 302
85 728
627 334
326 377
594 5
122 139
314 115
497 134
29 541
589 94
712 403
309 459
593 386
14 35
289 377
333 612
277 796
139 168
701 480
180 30
743 158
743 681
186 378
336 569
326 205
470 242
303 486
381 767
258 261
339 672
678 697
370 83
479 198
607 288
756 669
410 571
609 543
126 122
322 774
597 765
386 688
81 209
628 131
460 467
255 275
64 54
576 109
658 194
299 726
397 134
282 678
547 534
680 636
118 777
75 608
285 306
151 317
579 93
545 97
448 9
703 524
568 120
203 503
35 630
37 385
535 676
719 240
192 255
787 549
372 657
262 595
539 11
174 609
113 252
100 214
178 318
742 135
28 360
427 717
25 688
155 317
271 283
796 704
454 632
161 34
726 236
436 314
730 76
535 42
711 321
237 708
226 115
787 294
536 568
218 732
205 373
777 606
791 267
429 269
51 214
461 700
88 550
577 587
149 248
89 150
800 371
113 497
768 355
395 225
471 128
653 530
551 144
74 695
306 667
422 577
357 640
363 687
286 160
468 394
33 581
759 298
58 345
151 659
515 375
711 397
644 790
115 474
469 219
760 390
72 427
440 276
535 268
477 523
73 72
535 750
222 376
301 701
673 324
616 524
384 78
481 22
208 433
534 662
675 153
385 640
462 426
72 416
488 67
591 559
159 261
788 374
400 148
538 412
513 666
231 46
203 278
548 613
715 6
704 579
495 409
248 399
1 476
138 707
246 563
226 128
131 248
414 540
527 671
395 752
568 693
780 726
497 236
529 773
359 140
643 257
767 598
457 735
214 198
740 503
72 617
358 292
263 35
193 38
594 130
256 555
527 708
444 775
395 43
396 82
790 789
248 154
203 350
244 581
118 80
314 241
336 475
30 451
39 336
770 246
673 498
355 477
241 128
181 256
375 708
75 705
2 151
117 432
493 67
454 321
302 582
385 590
215 678
238 323
312 380
506 236
330 253
163 517
717 487
510 18
744 222
174 254
667 335
380 188
638 246
198 712
671 436
238 492
136 572
398 687
743 517
388 118
340 201
537 602
515 83
502 66
430 311
483 311
185 84
53 728
719 192
412 450
649 708
161 240
309 100
543 524
735 421
523 771
590 347
720 147
569 687
657 196
192 346
219 414
324 50
330 346
194 693
711 168
376 290
354 404
671 442
600 472
572 336
22 180
344 531
484 321
528 670
53 710
79 485
199 776
263 277
269 552
650 278
379 335
614 282
718 17
231 423
72 172
528 653
593 85
128 317
705 289
25 262
370 784
558 452
132 368
3 158
252 495
476 700
613 476
648 792
470 781
453 446
97 684
424 709
94 664
594 766
255 214
116 723
249 638
761 539
403 776
148 632
343 578
402 583
360 176
425 116
443 92
163 482
268 190
184 771
278 608
719 692
449 728
248 286
788 567
328 659
173 598
187 508
390 674
650 41
418 328
176 294
306 773
182 166
464 4
87 433
556 637
592 776
331 741
302 532
560 97
654 478
301 675
655 732
411 178
722 717
177 128
190 347
344 681
214 567
182 744
461 150
543 609
708 155
662 482
531 557
238 455
74 781
77 120
240 330
218 420
66 310
187 89
504 280
538 692
23 157
124 474
188 467
725 364
112 36
85 556
525 475
781 5
481 387
613 521
791 301
46 706
695 106
708 637
370 698
564 515
419 726
490 125
655 628
654 618
456 594
70 450
638 531
660 73
218 65
431 784
759 598
715 765
142 26
518 449
197 326
162 724
410 129
301 219
66 414
326 321
473 790
786 132
562 504
626 205
305 58
22 420
401 217
639 481
582 174
631 364
664 786
509 23
454 333
106 297
649 20
767 587
452 37
695 491
625 60
707 308
113 1
660 515
41 114
162 204
771 760
130 591
245 250
237 219
511 365
733 36
593 341
616 52
8 18
275 789
478 467
464 394
8 593
69 416
716 785
87 643
298 435
540 235
638 327
22 308
105 203
388 566
613 298
321 148
336 617
561 63
625 620
350 775
688 49
523 624
117 423
339 608
675 717
633 317
212 442
477 430
652 452
719 532
496 674
281 443
14 663
608 125
508 526
157 707
608 627
166 220
594 444
799 699
784 569
637 8
670 37
512 160
148 743
760 222
723 158
290 180
540 800
440 744
635 649
619 636
727 575
413 766
354 3
485 12
533 305
436 750
777 618
444 729
413 301
85 772
466 362
537 485
734 179
119 738
475 119
594 317
447 178
397 347
480 482
464 516
563 84
768 470
334 564
781 792
118 394
422 523
334 467
160 475
77 345
438 563
439 443
271 654
366 454
671 298
595 337
661 730
438 535
793 414
463 250
659 286
191 707
37 327
645 80
678 486
800 42
783 344
380 528
797 299
548 440
67 170
576 306
88 128
663 726
500 37
291 16
460 431
558 291
551 545
15 54
51 372
87 469
376 726
325 742
342 313
62 304
461 450
212 751
582 38
430 577
463 329
