800 799 1 166
643 728 97
183 749 531
688 578 757
639 426 644
98 756 410
62 139 888
384 693 791
63 662 788
529 587 378
32 637 308
393 727 300
583 221 647
780 273 153
729 341 596
462 230 107
177 365 146
444 389 941
791 329 669
46 494 142
386 401 476
500 119 914
117 689 615
490 761 82
336 785 549
575 308 93
504 377 585
198 202 22
632 786 15
469 467 358
232 42 663
552 753 252
503 609 170
87 630 105
561 48 820
311 659 320
70 547 301
167 366 157
354 107 442
716 711 450
507 154 716
52 61 35
188 779 580
660 438 376
796 513 440
454 404 940
138 213 945
584 328 636
536 726 321
7 629 462
138 209 748
5 74 853
469 13 290
400 408 337
765 292 394
614 234 811
393 445 509
697 410 809
478 191 717
110 275 541
102 526 293
364 311 102
303 297 391
448 745 344
46 392 530
644 688 852
765 589 465
799 421 513
597 417 407
767 401 937
689 56 224
667 173 97
246 351 150
284 484 454
43 143 44
256 134 423
587 785 870
183 237 582
503 431 384
722 268 346
111 410 150
94 756 983
601 67 606
65 308 265
92 180 632
210 532 451
161 782 107
203 388 799
691 297 133
479 448 758
329 199 330
433 745 164
550 702 434
7 616 249
73 64 787
788 429 729
341 536 923
736 532 686
438 92 984
562 549 488
796 715 309
38 620 419
495 349 346
260 780 154
458 229 241
534 530 892
3 592 854
202 699 184
267 320 97
538 525 309
422 243 504
320 314 239
771 422 855
541 540 998
78 93 242
643 159 19
525 797 714
271 348 677
189 727 887
453 116 353
88 499 63
436 691 786
85 47 259
721 561 18
435 261 922
18 40 22
151 221 23
596 589 161
725 21 208
596 727 143
583 684 308
250 241 75
251 46 295
520 709 179
51 304 978
242 114 134
498 553 34
283 519 878
298 468 728
501 79 592
411 356 695
612 331 222
742 766 447
418 244 187
588 628 23
764 641 872
425 636 489
142 178 403
130 414 150
453 769 655
62 780 631
467 8 889
678 280 60
285 127 537
764 480 662
198 453 186
577 497 977
463 243 908
355 439 685
696 148 533
777 55 73
619 703 333
431 493 420
647 151 70
461 710 709
202 660 948
185 432 902
326 573 486
97 291 734
744 294 185
712 650 994
318 111 155
460 765 873
467 504 880
189 481 953
491 29 896
181 564 43
760 265 843
170 758 258
693 725 666
400 518 884
509 730 814
426 419 387
474 521 1000
416 540 956
219 5 408
11 84 533
567 508 635
199 165 757
642 360 826
477 714 132
201 3 800
62 120 32
344 719 880
216 417 951
546 62 840
73 261 724
62 497 95
682 22 642
784 236 587
220 719 341
187 484 449
633 400 268
762 730 249
250 685 941
750 608 718
526 520 928
364 51 403
278 42 197
657 614 8
469 420 556
64 708 838
674 752 844
75 591 66
489 757 389
295 524 145
713 714 944
513 4 697
649 177 470
113 235 854
713 181 80
454 213 637
71 531 744
327 209 639
630 627 865
202 301 249
793 417 946
273 203 3
637 98 946
508 688 311
582 208 649
551 123 653
295 136 150
109 790 356
315 752 282
525 193 694
257 696 309
283 321 477
680 298 812
150 124 916
716 760 885
375 705 106
792 698 859
642 268 608
94 714 486
411 326 170
123 504 217
245 345 34
737 109 992
788 292 996
496 190 793
590 657 445
367 487 19
461 5 762
281 203 165
533 5 663
443 504 989
374 761 815
184 183 348
557 448 635
535 241 986
353 475 195
781 295 168
76 429 32
127 224 544
653 314 613
512 416 746
40 540 280
718 725 30
790 768 334
676 269 461
779 404 308
453 560 812
87 307 84
61 766 19
635 683 949
589 545 739
316 763 912
352 165 194
487 124 164
502 293 188
702 495 280
466 116 398
652 585 441
701 333 511
766 315 405
484 589 938
485 371 246
689 18 878
459 394 72
730 513 721
564 526 244
779 489 443
7 471 796
248 651 617
222 797 38
447 274 716
750 227 275
240 657 467
486 521 709
116 393 257
627 491 224
321 468 610
728 631 368
52 638 275
690 426 337
790 487 732
663 746 536
699 14 869
684 330 310
252 69 685
775 411 742
746 624 18
49 72 508
369 335 304
672 30 278
625 248 766
445 721 725
129 278 318
778 706 882
412 779 54
315 744 28
217 739 697
766 745 413
439 658 608
469 488 518
567 282 473
294 232 977
712 602 902
467 666 927
756 303 294
118 148 487
4 640 874
145 84 11
53 560 896
778 576 46
176 178 198
54 352 169
462 455 822
533 715 837
319 329 71
185 627 183
227 691 999
228 443 304
552 704 33
280 203 918
721 278 999
112 495 444
45 379 926
793 431 290
444 618 147
1 248 80
472 69 537
79 483 919
478 438 317
25 483 929
419 628 828
15 5 340
274 786 500
155 715 726
66 670 66
216 328 25
577 708 752
552 278 868
2 425 168
625 146 166
589 9 890
756 118 619
403 59 823
57 531 767
178 305 495
221 572 256
306 227 745
263 356 294
107 444 860
741 610 206
762 771 183
276 368 812
332 522 294
249 367 364
724 87 178
741 674 699
75 10 49
590 115 165
337 382 554
458 564 805
611 168 389
761 543 885
522 667 220
286 320 34
479 89 691
416 607 427
335 773 873
89 233 705
24 748 280
418 565 471
267 296 903
431 226 988
19 729 319
238 765 870
130 459 409
362 698 508
199 194 694
360 93 523
730 540 955
418 429 683
50 776 823
780 63 439
717 643 427
589 37 222
561 676 979
397 399 100
519 388 403
579 112 524
768 580 744
582 206 931
640 354 439
268 17 766
372 32 311
335 690 28
518 79 89
511 714 832
655 259 742
672 364 655
795 799 89
795 573 467
154 160 452
575 391 638
729 408 980
658 275 345
416 369 768
312 798 898
614 794 519
55 77 377
397 447 607
697 330 529
369 175 94
28 62 120
9 773 107
605 753 979
12 799 480
645 233 231
791 385 351
382 40 139
465 10 422
447 717 469
159 340 219
675 642 803
80 659 555
698 76 122
737 452 407
697 645 291
648 107 707
606 579 633
6 691 160
791 570 151
695 379 931
51 519 788
444 706 926
331 424 62
177 382 122
671 220 165
560 712 442
502 745 971
766 682 983
609 191 341
673 676 817
765 462 338
190 263 431
609 359 384
644 180 280
285 499 882
72 171 676
388 269 583
613 290 6
691 759 353
573 532 95
637 764 631
432 667 745
572 222 785
665 177 277
72 248 6
273 779 24
185 555 917
191 302 889
724 490 477
524 142 135
657 395 608
349 780 730
327 636 655
109 454 229
378 766 221
443 234 91
418 251 91
277 77 606
501 428 494
212 504 167
114 55 716
798 327 471
213 12 846
33 249 622
563 421 522
69 238 476
167 51 816
711 445 872
641 568 398
94 416 712
727 272 106
557 285 599
328 630 925
449 728 667
201 398 389
515 568 686
738 512 431
777 597 827
194 132 698
228 639 834
746 441 122
704 652 441
724 380 554
329 629 16
600 355 862
789 478 25
118 373 29
562 428 753
173 500 766
701 698 350
641 168 584
455 325 904
278 559 519
681 597 847
281 685 655
64 620 825
536 86 881
643 764 788
330 85 865
305 275 141
529 295 682
316 312 554
681 403 662
157 467 429
592 569 529
368 619 857
790 70 63
644 408 928
736 439 551
145 676 194
217 92 904
586 24 160
122 735 583
375 591 828
450 259 376
675 26 235
692 48 414
81 402 792
695 132 606
41 575 986
271 266 35
689 427 552
474 379 547
387 139 91
684 558 417
620 271 171
471 388 765
615 652 188
456 211 347
93 789 294
746 385 283
103 220 524
355 264 783
79 184 28
89 457 213
432 770 259
122 774 503
671 18 872
47 331 420
625 30 504
572 619 726
475 737 54
705 675 340
307 174 279
322 159 767
20 374 764
323 294 468
24 539 676
235 392 420
335 707 794
286 22 546
254 431 163
347 40 511
195 184 746
640 350 284
593 274 794
209 430 822
51 105 929
755 411 680
55 626 426
146 406 827
203 800 42
193 71 20
224 575 946
634 475 33
342 185 988
343 414 572
540 161 286
731 729 817
174 95 713
763 106 924
236 711 395
104 429 106
225 304 62
624 144 337
60 374 26
791 598 779
677 615 238
654 380 92
603 780 777
80 554 458
664 464 404
574 715 331
669 693 980
433 733 6
722 334 404
200 199 601
173 390 861
683 437 952
101 496 482
23 561 51
669 708 798
162 190 88
251 787 695
152 141 943
355 67 422
253 30 591
654 262 719
376 361 236
376 14 683
741 324 139
31 674 188
99 328 923
71 291 737
539 503 115
408 287 865
98 317 370
480 646 930
638 398 713
687 217 146
176 108 121
734 456 360
289 537 541
434 486 810
239 474 435
645 613 692
771 492 971
315 133 106
58 620 240
118 338 865
561 664 3
423 35 924
259 462 587
39 735 889
635 676 820
456 718 841
160 201 609
309 285 283
198 527 93
759 125 692
484 751 529
576 289 681
658 358 994
56 122 152
557 622 736
366 459 331
470 623 579
746 207 685
594 32 54
599 530 772
36 69 203
149 36 838
33 153 308
700 46 536
451 110 387
632 96 221
57 783 607
628 743 886
526 182 351
404 383 492
747 373 784
28 299 702
134 53 549
767 83 719
516 107 965
741 470 405
402 627 602
789 91 573
100 688 591
247 462 194
48 440 173
720 743 816
723 787 642
116 339 708
523 46 330
684 141 211
83 325 871
363 730 229
35 456 306
279 161 909
120 413 779
90 421 82
322 510 939
465 505 747
788 300 421
215 237 5
595 169 528
246 624 693
694 133 687
569 179 468
301 772 610
122 192 942
234 381 578
498 106 159
165 197 839
649 542 471
131 105 532
92 776 871
224 415 630
699 670 958
582 765 496
485 499 908
218 187 117
27 660 772
169 620 527
396 590 729
771 140 628
245 18 877
156 601 534
135 133 690
391 143 718
409 765 729
453 137 766
144 506 816
794 166 16
775 566 322
549 170 534
668 584 430
205 19 367
147 620 911
173 172 682
618 214 199
656 206 147
705 126 135
359 482 151
520 617 355
760 528 654
104 476 817
630 473 267
164 96 193
447 754 456
601 679 338
128 130 770
313 547 419
530 579 200
34 152 228
273 68 224
517 342 762
158 239 887
792 270 303
412 686 975
431 740 142
258 321 430
516 446 361
82 140 831
238 16 827
272 514 143
544 427 518
196 709 846
747 407 230
346 322 437
661 161 991
308 556 388
515 255 147
649 204 975
574 604 724
123 186 314
60 405 23
220 231 532
310 391 351
42 571 340
480 548 946
671 163 361
199 732 958
35 581 629
361 288 157
370 618 768
442 539 945
621 220 711
620 357 523
621 223 146
790 44 341
121 568 850
337 204
