800 799 1 623
1 2 31
1 3 118
1 4 457
1 5 625
1 6 934
1 7 390
1 8 836
1 9 740
1 10 210
1 11 246
1 12 224
1 13 814
1 14 128
1 15 437
1 16 520
1 17 600
1 18 619
1 19 839
1 20 967
1 21 24
1 22 651
1 23 569
1 24 349
1 25 505
1 26 808
1 27 549
1 28 135
1 29 739
1 30 980
1 31 808
1 32 795
1 33 811
1 34 323
1 35 185
1 36 127
1 37 403
1 38 586
1 39 161
1 40 753
1 41 502
1 42 524
1 43 87
1 44 885
1 45 290
1 46 452
1 47 110
1 48 513
1 49 324
1 50 178
1 51 250
1 52 624
1 53 539
1 54 677
1 55 843
1 56 317
1 57 689
1 58 45
1 59 782
1 60 90
1 61 846
1 62 150
1 63 353
1 64 293
1 65 586
1 66 758
1 67 373
1 68 448
1 69 549
1 70 602
1 71 962
1 72 463
1 73 289
1 74 89
1 75 578
1 76 769
1 77 548
1 78 542
1 79 765
1 80 471
1 81 311
1 82 175
1 83 677
1 84 395
1 85 910
1 86 289
1 87 877
1 88 57
1 89 817
1 90 175
1 91 667
1 92 525
1 93 355
1 94 117
1 95 54
1 96 202
1 97 21
1 98 384
1 99 469
1 100 677
1 101 715
1 102 142
1 103 434
1 104 24
1 105 723
1 106 106
1 107 70
1 108 969
1 109 754
1 110 175
1 111 260
1 112 438
1 113 680
1 114 128
1 115 205
1 116 981
1 117 771
1 118 999
1 119 264
1 120 420
1 121 852
1 122 878
1 123 149
1 124 865
1 125 844
1 126 657
1 127 300
1 128 741
1 129 635
1 130 421
1 131 451
1 132 990
1 133 341
1 134 421
1 135 592
1 136 893
1 137 677
1 138 593
1 139 661
1 140 712
1 141 312
1 142 671
1 143 254
1 144 523
1 145 434
1 146 361
1 147 301
1 148 45
1 149 800
1 150 536
1 151 604
1 152 328
1 153 702
1 154 779
1 155 627
1 156 352
1 157 765
1 158 718
1 159 652
1 160 166
1 161 658
1 162 268
1 163 98
1 164 539
1 165 911
1 166 407
1 167 800
1 168 40
1 169 833
1 170 210
1 171 199
1 172 264
1 173 632
1 174 931
1 175 847
1 176 670
1 177 584
1 178 180
1 179 313
1 180 981
1 181 664
1 182 142
1 183 502
1 184 242
1 185 792
1 186 139
1 187 514
1 188 679
1 189 225
1 190 188
1 191 964
1 192 147
1 193 247
1 194 582
1 195 161
1 196 927
1 197 198
1 198 476
1 199 879
1 200 891
1 201 590
1 202 259
1 203 347
1 204 744
1 205 706
1 206 3
1 207 879
1 208 737
1 209 497
1 210 176
1 211 389
1 212 892
1 213 362
1 214 416
1 215 926
1 216 397
1 217 184
1 218 506
1 219 738
1 220 637
1 221 329
1 222 909
1 223 844
1 224 1000
1 225 489
1 226 179
1 227 737
1 228 781
1 229 173
1 230 690
1 231 328
1 232 185
1 233 413
1 234 257
1 235 130
1 236 888
1 237 618
1 238 439
1 239 445
1 240 168
1 241 941
1 242 518
1 243 714
1 244 902
1 245 989
1 246 360
1 247 593
1 248 961
1 249 423
1 250 501
1 251 264
1 252 98
1 253 879
1 254 651
1 255 531
1 256 639
1 257 576
1 258 801
1 259 530
1 260 16
1 261 164
1 262 734
1 263 390
1 264 731
1 265 737
1 266 357
1 267 319
1 268 541
1 269 20
1 270 472
1 271 677
1 272 394
1 273 140
1 274 908
1 275 538
1 276 289
1 277 94
1 278 993
1 279 687
1 280 4
1 281 686
1 282 75
1 283 30
1 284 509
1 285 853
1 286 287
1 287 584
1 288 593
1 289 332
1 290 220
1 291 282
1 292 208
1 293 515
1 294 368
1 295 758
1 296 917
1 297 852
1 298 120
1 299 432
1 300 718
1 301 490
1 302 441
1 303 898
1 304 974
1 305 584
1 306 982
1 307 553
1 308 723
1 309 370
1 310 700
1 311 63
1 312 391
1 313 545
1 314 951
1 315 643
1 316 956
1 317 99
1 318 238
1 319 279
1 320 855
1 321 340
1 322 430
1 323 141
1 324 976
1 325 969
1 326 158
1 327 644
1 328 18
1 329 393
1 330 465
1 331 797
1 332 12
1 333 197
1 334 266
1 335 508
1 336 38
1 337 421
1 338 648
1 339 82
1 340 207
1 341 647
1 342 472
1 343 659
1 344 917
1 345 390
1 346 609
1 347 730
1 348 402
1 349 632
1 350 324
1 351 82
1 352 68
1 353 267
1 354 2
1 355 962
1 356 764
1 357 197
1 358 229
1 359 388
1 360 922
1 361 89
1 362 708
1 363 67
1 364 858
1 365 944
1 366 639
1 367 302
1 368 306
1 369 216
1 370 911
1 371 657
1 372 670
1 373 393
1 374 763
1 375 145
1 376 168
1 377 221
1 378 202
1 379 290
1 380 386
1 381 711
1 382 397
1 383 433
1 384 263
1 385 942
1 386 868
1 387 459
1 388 503
1 389 155
1 390 301
1 391 153
1 392 969
1 393 758
1 394 74
1 395 406
1 396 27
1 397 336
1 398 231
1 399 129
1 400 197
1 401 961
1 402 211
1 403 36
1 404 49
1 405 118
1 406 185
1 407 92
1 408 451
1 409 142
1 410 417
1 411 448
1 412 173
1 413 501
1 414 359
1 415 460
1 416 394
1 417 497
1 418 283
1 419 269
1 420 971
1 421 928
1 422 625
1 423 638
1 424 644
1 425 234
1 426 625
1 427 559
1 428 343
1 429 358
1 430 719
1 431 41
1 432 623
1 433 979
1 434 870
1 435 297
1 436 964
1 437 536
1 438 438
1 439 869
1 440 752
1 441 126
1 442 62
1 443 976
1 444 607
1 445 672
1 446 982
1 447 834
1 448 703
1 449 542
1 450 369
1 451 100
1 452 471
1 453 811
1 454 918
1 455 867
1 456 631
1 457 409
1 458 75
1 459 826
1 460 194
1 461 44
1 462 718
1 463 494
1 464 69
1 465 942
1 466 381
1 467 964
1 468 848
1 469 5
1 470 497
1 471 256
1 472 614
1 473 154
1 474 912
1 475 490
1 476 932
1 477 545
1 478 957
1 479 517
1 480 165
1 481 595
1 482 901
1 483 551
1 484 633
1 485 289
1 486 848
1 487 125
1 488 401
1 489 109
1 490 235
1 491 968
1 492 767
1 493 26
1 494 140
1 495 327
1 496 362
1 497 222
1 498 599
1 499 444
1 500 619
1 501 628
1 502 680
1 503 210
1 504 538
1 505 417
1 506 796
1 507 247
1 508 833
1 509 793
1 510 302
1 511 269
1 512 359
1 513 27
1 514 293
1 515 753
1 516 127
1 517 946
1 518 688
1 519 772
1 520 466
1 521 789
1 522 916
1 523 746
1 524 298
1 525 135
1 526 208
1 527 76
1 528 650
1 529 89
1 530 224
1 531 862
1 532 469
1 533 322
1 534 522
1 535 259
1 536 997
1 537 90
1 538 570
1 539 592
1 540 710
1 541 955
1 542 461
1 543 42
1 544 226
1 545 83
1 546 434
1 547 299
1 548 941
1 549 269
1 550 286
1 551 91
1 552 808
1 553 728
1 554 901
1 555 315
1 556 635
1 557 870
1 558 92
1 559 811
1 560 144
1 561 184
1 562 383
1 563 58
1 564 591
1 565 857
1 566 153
1 567 545
1 568 323
1 569 78
1 570 57
1 571 533
1 572 688
1 573 602
1 574 386
1 575 474
1 576 469
1 577 356
1 578 420
1 579 13
1 580 81
1 581 90
1 582 956
1 583 809
1 584 258
1 585 434
1 586 860
1 587 193
1 588 871
1 589 181
1 590 824
1 591 848
1 592 143
1 593 171
1 594 555
1 595 270
1 596 476
1 597 41
1 598 679
1 599 14
1 600 591
1 601 292
1 602 935
1 603 988
1 604 988
1 605 437
1 606 232
1 607 609
1 608 903
1 609 386
1 610 504
1 611 919
1 612 160
1 613 765
1 614 159
1 615 171
1 616 284
1 617 886
1 618 236
1 619 793
1 620 519
1 621 143
1 622 150
1 623 769
1 624 971
1 625 892
1 626 126
1 627 998
1 628 477
1 629 314
1 630 306
1 631 850
1 632 526
1 633 987
1 634 788
1 635 109
1 636 450
1 637 837
1 638 102
1 639 827
1 640 726
1 641 459
1 642 320
1 643 396
1 644 21
1 645 733
1 646 123
1 647 17
1 648 931
1 649 953
1 650 516
1 651 449
1 652 542
1 653 245
1 654 374
1 655 692
1 656 320
1 657 536
1 658 400
1 659 310
1 660 328
1 661 751
1 662 382
1 663 569
1 664 528
1 665 992
1 666 900
1 667 815
1 668 354
1 669 601
1 670 8
1 671 872
1 672 813
1 673 222
1 674 586
1 675 536
1 676 388
1 677 202
1 678 967
1 679 618
1 680 837
1 681 945
1 682 701
1 683 100
1 684 127
1 685 296
1 686 340
1 687 661
1 688 42
1 689 655
1 690 305
1 691 416
1 692 83
1 693 868
1 694 965
1 695 385
1 696 175
1 697 266
1 698 828
1 699 757
1 700 364
1 701 786
1 702 40
1 703 109
1 704 543
1 705 518
1 706 2
1 707 538
1 708 82
1 709 573
1 710 724
1 711 940
1 712 252
1 713 529
1 714 222
1 715 933
1 716 735
1 717 805
1 718 168
1 719 21
1 720 58
1 721 171
1 722 395
1 723 379
1 724 698
1 725 270
1 726 333
1 727 244
1 728 176
1 729 536
1 730 762
1 731 124
1 732 270
1 733 575
1 734 155
1 735 163
1 736 174
1 737 17
1 738 855
1 739 782
1 740 195
1 741 137
1 742 16
1 743 885
1 744 145
1 745 204
1 746 53
1 747 360
1 748 662
1 749 416
1 750 937
1 751 681
1 752 607
1 753 527
1 754 370
1 755 988
1 756 146
1 757 656
1 758 594
1 759 10
1 760 557
1 761 63
1 762 870
1 763 793
1 764 966
1 765 963
1 766 948
1 767 475
1 768 958
1 769 308
1 770 274
1 771 592
1 772 201
1 773 303
1 774 672
1 775 491
1 776 919
1 777 180
1 778 395
1 779 464
1 780 436
1 781 496
1 782 679
1 783 141
1 784 834
1 785 15
1 786 312
1 787 96
1 788 294
1 789 261
1 790 442
1 791 46
1 792 429
1 793 586
1 794 271
1 795 867
1 796 580
1 797 614
1 798 827
1 799 604
1 800 749
134 679
