800 799 2000 792
1 2 803
2 3 931
3 4 971
4 5 994
5 6 329
6 7 862
7 8 89
8 9 525
9 10 131
10 11 816
11 12 347
12 13 251
13 14 210
14 15 518
15 16 551
16 17 103
17 18 156
18 19 756
19 20 277
20 21 134
21 22 37
22 23 44
23 24 408
24 25 447
25 26 150
26 27 559
27 28 725
28 29 46
29 30 703
30 31 320
31 32 230
32 33 794
33 34 250
34 35 32
35 36 468
36 37 745
37 38 904
38 39 847
39 40 72
40 41 226
41 42 883
42 43 947
43 44 261
44 45 512
45 46 25
46 47 157
47 48 721
48 49 292
49 50 379
50 51 594
51 52 912
52 53 957
53 54 850
54 55 192
55 56 343
56 57 659
57 58 982
58 59 818
59 60 948
60 61 644
61 62 807
62 63 927
63 64 27
64 65 424
65 66 869
66 67 450
67 68 441
68 69 219
69 70 437
70 71 534
71 72 717
72 73 989
73 74 373
74 75 547
75 76 18
76 77 336
77 78 589
78 79 352
79 80 691
80 81 53
81 82 41
82 83 313
83 84 279
84 85 112
85 86 578
86 87 250
87 88 570
88 89 381
89 90 282
90 91 577
91 92 207
92 93 602
93 94 491
94 95 771
95 96 690
96 97 424
97 98 815
98 99 701
99 100 969
100 101 41
101 102 769
102 103 95
103 104 832
104 105 661
105 106 871
106 107 273
107 108 324
108 109 239
109 110 71
110 111 841
111 112 719
112 113 782
113 114 223
114 115 595
115 116 59
116 117 272
117 118 456
118 119 937
119 120 834
120 121 79
121 122 945
122 123 832
123 124 450
124 125 566
125 126 904
126 127 629
127 128 43
128 129 617
129 130 666
130 131 409
131 132 434
132 133 892
133 134 160
134 135 307
135 136 302
136 137 49
137 138 401
138 139 286
139 140 387
140 141 69
141 142 329
142 143 644
143 144 960
144 145 810
145 146 296
146 147 525
147 148 194
148 149 147
149 150 325
150 151 535
151 152 494
152 153 679
153 154 389
154 155 794
155 156 891
156 157 715
157 158 830
158 159 914
159 160 122
160 161 955
161 162 355
162 163 795
163 164 71
164 165 816
165 166 856
166 167 712
167 168 332
168 169 467
169 170 577
170 171 218
171 172 710
172 173 351
173 174 978
174 175 594
175 176 660
176 177 834
177 178 942
178 179 668
179 180 254
180 181 791
181 182 249
182 183 803
183 184 829
184 185 92
185 186 354
186 187 578
187 188 117
188 189 145
189 190 464
190 191 607
191 192 507
192 193 805
193 194 850
194 195 428
195 196 416
196 197 773
197 198 469
198 199 757
199 200 730
200 201 218
201 202 762
202 203 881
203 204 698
204 205 609
205 206 768
206 207 644
207 208 229
208 209 911
209 210 513
210 211 636
211 212 245
212 213 12
213 214 352
214 215 641
215 216 704
216 217 701
217 218 312
218 219 693
219 220 873
220 221 349
221 222 673
222 223 907
223 224 768
224 225 933
225 226 284
226 227 873
227 228 770
228 229 574
229 230 51
230 231 278
231 232 803
232 233 789
233 234 854
234 235 769
235 236 833
236 237 637
237 238 117
238 239 279
239 240 21
240 241 286
241 242 922
242 243 190
243 244 244
244 245 948
245 246 311
246 247 169
247 248 661
248 249 678
249 250 375
250 251 259
251 252 267
252 253 579
253 254 720
254 255 677
255 256 629
256 257 288
257 258 520
258 259 309
259 260 818
260 261 106
261 262 831
262 263 371
263 264 156
264 265 103
265 266 465
266 267 216
267 268 259
268 269 163
269 270 650
270 271 579
271 272 291
272 273 875
273 274 428
274 275 960
275 276 558
276 277 131
277 278 890
278 279 659
279 280 768
280 281 823
281 282 726
282 283 76
283 284 675
284 285 423
285 286 250
286 287 141
287 288 198
288 289 541
289 290 44
290 291 463
291 292 973
292 293 958
293 294 215
294 295 182
295 296 37
296 297 885
297 298 802
298 299 399
299 300 206
300 301 991
301 302 855
302 303 337
303 304 132
304 305 943
305 306 713
306 307 437
307 308 205
308 309 632
309 310 95
310 311 108
311 312 148
312 313 897
313 314 571
314 315 106
315 316 345
316 317 161
317 318 34
318 319 989
319 320 427
320 321 281
321 322 617
322 323 741
323 324 888
324 325 446
325 326 825
326 327 672
327 328 667
328 329 116
329 330 565
330 331 103
331 332 790
332 333 528
333 334 461
334 335 265
335 336 85
336 337 300
337 338 635
338 339 33
339 340 820
340 341 590
341 342 441
342 343 762
343 344 687
344 345 274
345 346 714
346 347 290
347 348 153
348 349 882
349 350 708
350 351 85
351 352 960
352 353 856
353 354 741
354 355 703
355 356 40
356 357 306
357 358 596
358 359 698
359 360 3
360 361 741
361 362 851
362 363 219
363 364 352
364 365 416
365 366 238
366 367 19
367 368 586
368 369 60
369 370 553
370 371 491
371 372 123
372 373 654
373 374 345
374 375 524
375 376 848
376 377 273
377 378 664
378 379 52
379 380 673
380 381 432
381 382 151
382 383 627
383 384 986
384 385 171
385 386 540
386 387 125
387 388 398
388 389 718
389 390 174
390 391 380
391 392 696
392 393 281
393 394 448
394 395 321
395 396 178
396 397 787
397 398 714
398 399 767
399 400 934
400 401 124
401 402 291
402 403 828
403 404 440
404 405 935
405 406 956
406 407 634
407 408 857
408 409 277
409 410 636
410 411 494
411 412 218
412 413 327
413 414 450
414 415 394
415 416 741
416 417 420
417 418 607
418 419 453
419 420 408
420 421 77
421 422 669
422 423 659
423 424 17
424 425 392
425 426 513
426 427 937
427 428 476
428 429 123
429 430 330
430 431 625
431 432 749
432 433 834
433 434 541
434 435 397
435 436 524
436 437 11
437 438 722
438 439 884
439 440 467
440 441 217
441 442 542
442 443 583
443 444 899
444 445 979
445 446 321
446 447 97
447 448 493
448 449 546
449 450 328
450 451 523
451 452 68
452 453 781
453 454 627
454 455 680
455 456 649
456 457 27
457 458 258
458 459 83
459 460 969
460 461 624
461 462 500
462 463 973
463 464 685
464 465 359
465 466 23
466 467 503
467 468 204
468 469 903
469 470 461
470 471 150
471 472 243
472 473 788
473 474 861
474 475 835
475 476 201
476 477 885
477 478 568
478 479 859
479 480 575
480 481 319
481 482 338
482 483 938
483 484 933
484 485 542
485 486 393
486 487 371
487 488 129
488 489 431
489 490 87
490 491 727
491 492 402
492 493 481
493 494 28
494 495 303
495 496 115
496 497 337
497 498 139
498 499 632
499 500 993
500 501 45
501 502 692
502 503 921
503 504 830
504 505 910
505 506 452
506 507 390
507 508 190
508 509 820
509 510 210
510 511 567
511 512 686
512 513 61
513 514 236
514 515 472
515 516 326
516 517 174
517 518 359
518 519 75
519 520 163
520 521 428
521 522 910
522 523 590
523 524 595
524 525 861
525 526 939
526 527 956
527 528 604
528 529 546
529 530 105
530 531 69
531 532 674
532 533 432
533 534 575
534 535 293
535 536 197
536 537 238
537 538 148
538 539 858
539 540 639
540 541 322
541 542 671
542 543 498
543 544 78
544 545 687
545 546 97
546 547 91
547 548 297
548 549 933
549 550 536
550 551 903
551 552 163
552 553 428
553 554 656
554 555 460
555 556 173
556 557 944
557 558 238
558 559 623
559 560 31
560 561 717
561 562 869
562 563 728
563 564 766
564 565 125
565 566 119
566 567 173
567 568 209
568 569 496
569 570 92
570 571 547
571 572 406
572 573 502
573 574 255
574 575 793
575 576 619
576 577 313
577 578 632
578 579 547
579 580 102
580 581 822
581 582 406
582 583 538
583 584 704
584 585 324
585 586 277
586 587 131
587 588 773
588 589 439
589 590 18
590 591 904
591 592 74
592 593 425
593 594 590
594 595 953
595 596 976
596 597 124
597 598 898
598 599 530
599 600 369
600 601 965
601 602 678
602 603 92
603 604 885
604 605 943
605 606 475
606 607 793
607 608 678
608 609 859
609 610 728
610 611 904
611 612 710
612 613 530
613 614 168
614 615 906
615 616 14
616 617 907
617 618 643
618 619 965
619 620 54
620 621 559
621 622 813
622 623 658
623 624 213
624 625 370
625 626 250
626 627 229
627 628 549
628 629 981
629 630 584
630 631 869
631 632 539
632 633 201
633 634 34
634 635 897
635 636 30
636 637 649
637 638 924
638 639 840
639 640 805
640 641 143
641 642 234
642 643 169
643 644 339
644 645 242
645 646 840
646 647 584
647 648 728
648 649 777
649 650 74
650 651 554
651 652 995
652 653 652
653 654 979
654 655 757
655 656 212
656 657 619
657 658 454
658 659 856
659 660 430
660 661 450
661 662 979
662 663 33
663 664 233
664 665 52
665 666 830
666 667 788
667 668 531
668 669 936
669 670 679
670 671 584
671 672 947
672 673 455
673 674 665
674 675 366
675 676 917
676 677 994
677 678 32
678 679 164
679 680 568
680 681 955
681 682 220
682 683 81
683 684 92
684 685 981
685 686 228
686 687 281
687 688 792
688 689 567
689 690 485
690 691 399
691 692 773
692 693 344
693 694 901
694 695 143
695 696 543
696 697 635
697 698 253
698 699 743
699 700 471
700 701 839
701 702 868
702 703 944
703 704 890
704 705 958
705 706 780
706 707 790
707 708 199
708 709 855
709 710 632
710 711 986
711 712 914
712 713 875
713 714 468
714 715 333
715 716 149
716 717 510
717 718 948
718 719 409
719 720 957
720 721 560
721 722 246
722 723 454
723 724 939
724 725 372
725 726 809
726 727 177
727 728 5
728 729 51
729 730 185
730 731 119
731 732 204
732 733 948
733 734 362
734 735 369
735 736 704
736 737 772
737 738 687
738 739 203
739 740 485
740 741 16
741 742 571
742 743 209
743 744 414
744 745 758
745 746 181
746 747 199
747 748 129
748 749 670
749 750 202
750 751 163
751 752 269
752 753 906
753 754 547
754 755 14
755 756 486
756 757 706
757 758 689
758 759 603
759 760 625
760 761 970
761 762 280
762 763 748
763 764 332
764 765 849
765 766 251
766 767 706
767 768 804
768 769 913
769 770 128
770 771 214
771 772 977
772 773 972
773 774 64
774 775 192
775 776 692
776 777 485
777 778 938
778 779 232
779 780 994
780 781 573
781 782 816
782 783 483
783 784 130
784 785 626
785 786 849
786 787 377
787 788 620
788 789 586
789 790 189
790 791 694
791 792 218
792 793 571
793 794 822
794 795 503
795 796 116
796 797 357
797 798 886
798 799 736
799 800 780
1 800
1 800
1 800
1 800
1 800
1 800
1 800
1 800
1 800
1 800
1 800
1 800
1 800
1 800
1 800
1 800
1 800
1 800
1 800
1 800
1 800
1 800
1 800
1 800
1 800
1 800
1 800
1 800
1 800
1 800
1 800
1 800
1 800
1 800
1 800
1 800
1 800
1 800
1 800
1 800
1 800
1 800
1 800
1 800
1 800
1 800
1 800
1 800
1 800
1 800
1 800
1 800
1 800
1 800
1 800
1 800
1 800
1 800
1 800
1 800
1 800
1 800
1 800
1 800
1 800
1 800
1 800
1 800
1 800
1 800
1 800
1 800
1 800
1 800
1 800
1 800
1 800
1 800
1 800
1 800
1 800
1 800
1 800
1 800
1 800
1 800
1 800
1 800
1 800
1 800
1 800
1 800
1 800
1 800
1 800
1 800
1 800
1 800
1 800
1 800
1 800
1 800
1 800
1 800
1 800
1 800
1 800
1 800
1 800
1 800
1 800
1 800
1 800
1 800
1 800
1 800
1 800
1 800
1 800
1 800
1 800
1 800
1 800
1 800
1 800
1 800
1 800
1 800
1 800
1 800
1 800
1 800
1 800
1 800
1 800
1 800
1 800
1 800
1 800
1 800
1 800
1 800
1 800
1 800
1 800
1 800
1 800
1 800
1 800
1 800
1 800
1 800
1 800
1 800
1 800
1 800
1 800
1 800
1 800
1 800
1 800
1 800
1 800
1 800
1 800
1 800
1 800
1 800
1 800
1 800
1 800
1 800
1 800
1 800
1 800
1 800
1 800
1 800
1 800
1 800
1 800
1 800
1 800
1 800
1 800
1 800
1 800
1 800
1 800
1 800
1 800
1 800
1 800
1 800
1 800
1 800
1 800
1 800
1 800
1 800
1 800
1 800
1 800
1 800
1 800
1 800
1 800
1 800
1 800
1 800
1 800
1 800
1 800
1 800
1 800
1 800
1 800
1 800
1 800
1 800
1 800
1 800
1 800
1 800
1 800
1 800
1 800
1 800
1 800
1 800
1 800
1 800
1 800
1 800
1 800
1 800
1 800
1 800
1 800
1 800
1 800
1 800
1 800
1 800
1 800
1 800
1 800
1 800
1 800
1 800
1 800
1 800
1 800
1 800
1 800
1 800
1 800
1 800
1 800
1 800
1 800
1 800
1 800
1 800
1 800
1 800
1 800
1 800
1 800
1 800
1 800
1 800
1 800
1 800
1 800
1 800
1 800
1 800
1 800
1 800
1 800
1 800
1 800
1 800
1 800
1 800
1 800
1 800
1 800
1 800
1 800
1 800
1 800
1 800
1 800
1 800
1 800
1 800
1 800
1 800
1 800
1 800
1 800
1 800
1 800
1 800
1 800
1 800
1 800
1 800
1 800
1 800
1 800
1 800
1 800
1 800
1 800
1 800
1 800
1 800
1 800
1 800
1 800
1 800
1 800
1 800
1 800
1 800
1 800
1 800
1 800
1 800
1 800
1 800
1 800
1 800
1 800
1 800
1 800
1 800
1 800
1 800
1 800
1 800
1 800
1 800
1 800
1 800
1 800
1 800
1 800
1 800
1 800
1 800
1 800
1 800
1 800
1 800
1 800
1 800
1 800
1 800
1 800
1 800
1 800
1 800
1 800
1 800
1 800
1 800
1 800
1 800
1 800
1 800
1 800
1 800
1 800
1 800
1 800
1 800
1 800
1 800
1 800
1 800
1 800
1 800
1 800
1 800
1 800
1 800
1 800
1 800
1 800
1 800
1 800
1 800
1 800
1 800
1 800
1 800
1 800
1 800
1 800
1 800
1 800
1 800
1 800
1 800
1 800
1 800
1 800
1 800
1 800
1 800
1 800
1 800
1 800
1 800
1 800
1 800
1 800
1 800
1 800
1 800
1 800
1 800
1 800
1 800
1 800
1 800
1 800
1 800
1 800
1 800
1 800
1 800
1 800
1 800
1 800
1 800
1 800
1 800
1 800
1 800
1 800
1 800
1 800
1 800
1 800
1 800
1 800
1 800
1 800
1 800
1 800
1 800
1 800
1 800
1 800
1 800
1 800
1 800
1 800
1 800
1 800
1 800
1 800
1 800
1 800
1 800
1 800
1 800
1 800
1 800
1 800
1 800
1 800
1 800
1 800
1 800
1 800
1 800
1 800
1 800
1 800
1 800
1 800
1 800
1 800
1 800
1 800
1 800
1 800
1 800
1 800
1 800
1 800
1 800
1 800
1 800
1 800
1 800
1 800
1 800
1 800
1 800
1 800
1 800
1 800
1 800
1 800
1 800
1 800
1 800
1 800
1 800
1 800
1 800
1 800
1 800
1 800
1 800
1 800
1 800
1 800
1 800
1 800
1 800
1 800
1 800
1 800
1 800
1 800
1 800
1 800
1 800
1 800
1 800
1 800
1 800
1 800
1 800
1 800
1 800
1 800
1 800
1 800
1 800
1 800
1 800
1 800
1 800
1 800
1 800
1 800
1 800
1 800
1 800
1 800
1 800
1 800
1 800
1 800
1 800
1 800
1 800
1 800
1 800
1 800
1 800
1 800
1 800
1 800
1 800
1 800
1 800
1 800
1 800
1 800
1 800
1 800
1 800
1 800
1 800
1 800
1 800
1 800
1 800
1 800
1 800
1 800
1 800
1 800
1 800
1 800
1 800
1 800
1 800
1 800
1 800
1 800
1 800
1 800
1 800
1 800
1 800
1 800
1 800
1 800
1 800
1 800
1 800
1 800
1 800
1 800
1 800
1 800
1 800
1 800
1 800
1 800
1 800
1 800
1 800
1 800
1 800
1 800
1 800
1 800
1 800
1 800
1 800
1 800
1 800
1 800
1 800
1 800
1 800
1 800
1 800
1 800
1 800
1 800
1 800
1 800
1 800
1 800
1 800
1 800
1 800
1 800
1 800
1 800
1 800
1 800
1 800
1 800
1 800
1 800
1 800
1 800
1 800
1 800
1 800
1 800
1 800
1 800
1 800
1 800
1 800
1 800
1 800
1 800
1 800
1 800
1 800
1 800
1 800
1 800
1 800
1 800
1 800
1 800
1 800
1 800
1 800
1 800
1 800
1 800
1 800
1 800
1 800
1 800
1 800
1 800
1 800
1 800
1 800
1 800
1 800
1 800
1 800
1 800
1 800
1 800
1 800
1 800
1 800
1 800
1 800
1 800
1 800
1 800
1 800
1 800
1 800
1 800
1 800
1 800
1 800
1 800
1 800
1 800
1 800
1 800
1 800
1 800
1 800
1 800
1 800
1 800
1 800
1 800
1 800
1 800
1 800
1 800
1 800
1 800
1 800
1 800
1 800
1 800
1 800
1 800
1 800
1 800
1 800
1 800
1 800
1 800
1 800
1 800
1 800
1 800
1 800
1 800
1 800
1 800
1 800
1 800
1 800
1 800
1 800
1 800
1 800
1 800
1 800
1 800
1 800
1 800
1 800
1 800
1 800
1 800
1 800
1 800
1 800
1 800
1 800
1 800
1 800
1 800
1 800
1 800
1 800
1 800
1 800
1 800
1 800
1 800
1 800
1 800
1 800
1 800
1 800
1 800
1 800
1 800
1 800
1 800
1 800
1 800
1 800
1 800
1 800
1 800
1 800
1 800
1 800
1 800
1 800
1 800
1 800
1 800
1 800
1 800
1 800
1 800
1 800
1 800
1 800
1 800
1 800
1 800
1 800
1 800
1 800
1 800
1 800
1 800
1 800
1 800
1 800
1 800
1 800
1 800
1 800
1 800
1 800
1 800
1 800
1 800
1 800
1 800
1 800
1 800
1 800
1 800
1 800
1 800
1 800
1 800
1 800
1 800
1 800
1 800
1 800
1 800
1 800
1 800
1 800
1 800
1 800
1 800
1 800
1 800
1 800
1 800
1 800
1 800
1 800
1 800
1 800
1 800
1 800
1 800
1 800
1 800
1 800
1 800
1 800
1 800
1 800
1 800
1 800
1 800
1 800
1 800
1 800
1 800
1 800
1 800
1 800
1 800
1 800
1 800
1 800
1 800
1 800
1 800
1 800
1 800
1 800
1 800
1 800
1 800
1 800
1 800
1 800
1 800
1 800
1 800
1 800
1 800
1 800
1 800
1 800
1 800
1 800
1 800
1 800
1 800
1 800
1 800
1 800
1 800
1 800
1 800
1 800
1 800
1 800
1 800
1 800
1 800
1 800
1 800
1 800
1 800
1 800
1 800
1 800
1 800
1 800
1 800
1 800
1 800
1 800
1 800
1 800
1 800
1 800
1 800
1 800
1 800
1 800
1 800
1 800
1 800
1 800
1 800
1 800
1 800
1 800
1 800
1 800
1 800
1 800
1 800
1 800
1 800
1 800
1 800
1 800
1 800
1 800
1 800
1 800
1 800
1 800
1 800
1 800
1 800
1 800
1 800
1 800
1 800
1 800
1 800
1 800
1 800
1 800
1 800
1 800
1 800
1 800
1 800
1 800
1 800
1 800
1 800
1 800
1 800
1 800
1 800
1 800
1 800
1 800
1 800
1 800
1 800
1 800
1 800
1 800
1 800
1 800
1 800
1 800
1 800
1 800
1 800
1 800
1 800
1 800
1 800
1 800
1 800
1 800
1 800
1 800
1 800
1 800
1 800
1 800
1 800
1 800
1 800
1 800
1 800
1 800
1 800
1 800
1 800
1 800
1 800
1 800
1 800
1 800
1 800
1 800
1 800
1 800
1 800
1 800
1 800
1 800
1 800
1 800
1 800
1 800
1 800
1 800
1 800
1 800
1 800
1 800
1 800
1 800
1 800
1 800
1 800
1 800
1 800
1 800
1 800
1 800
1 800
1 800
1 800
1 800
1 800
1 800
1 800
1 800
1 800
1 800
1 800
1 800
1 800
1 800
1 800
1 800
1 800
1 800
1 800
1 800
1 800
1 800
1 800
1 800
1 800
1 800
1 800
1 800
1 800
1 800
1 800
1 800
1 800
1 800
1 800
1 800
1 800
1 800
1 800
1 800
1 800
1 800
1 800
1 800
1 800
1 800
1 800
1 800
1 800
1 800
1 800
1 800
1 800
1 800
1 800
1 800
1 800
1 800
1 800
1 800
1 800
1 800
1 800
1 800
1 800
1 800
1 800
1 800
1 800
1 800
1 800
1 800
1 800
1 800
1 800
1 800
1 800
1 800
1 800
1 800
1 800
1 800
1 800
1 800
1 800
1 800
1 800
1 800
1 800
1 800
1 800
1 800
1 800
1 800
1 800
1 800
1 800
1 800
1 800
1 800
1 800
1 800
1 800
1 800
1 800
1 800
1 800
1 800
1 800
1 800
1 800
1 800
1 800
1 800
1 800
1 800
1 800
1 800
1 800
1 800
1 800
1 800
1 800
1 800
1 800
1 800
1 800
1 800
1 800
1 800
1 800
1 800
1 800
1 800
1 800
1 800
1 800
1 800
1 800
1 800
1 800
1 800
1 800
1 800
1 800
1 800
1 800
1 800
1 800
1 800
1 800
1 800
1 800
1 800
1 800
1 800
1 800
1 800
1 800
1 800
1 800
1 800
1 800
1 800
1 800
1 800
1 800
1 800
1 800
1 800
1 800
1 800
1 800
1 800
1 800
1 800
1 800
1 800
1 800
1 800
1 800
1 800
1 800
1 800
1 800
1 800
1 800
1 800
1 800
1 800
1 800
1 800
1 800
1 800
1 800
1 800
1 800
1 800
1 800
1 800
1 800
1 800
1 800
1 800
1 800
1 800
1 800
1 800
1 800
1 800
1 800
1 800
1 800
1 800
1 800
1 800
1 800
1 800
1 800
1 800
1 800
1 800
1 800
1 800
1 800
1 800
1 800
1 800
1 800
1 800
1 800
1 800
1 800
1 800
1 800
1 800
1 800
1 800
1 800
1 800
1 800
1 800
1 800
1 800
1 800
1 800
1 800
1 800
1 800
1 800
1 800
1 800
1 800
1 800
1 800
1 800
1 800
1 800
1 800
1 800
1 800
1 800
1 800
1 800
1 800
1 800
1 800
1 800
1 800
1 800
1 800
1 800
1 800
1 800
1 800
1 800
1 800
1 800
1 800
1 800
1 800
1 800
1 800
1 800
1 800
1 800
1 800
1 800
1 800
1 800
1 800
1 800
1 800
1 800
1 800
1 800
1 800
1 800
1 800
1 800
1 800
1 800
1 800
1 800
1 800
1 800
1 800
1 800
1 800
1 800
1 800
1 800
1 800
1 800
1 800
1 800
1 800
1 800
1 800
1 800
1 800
1 800
1 800
1 800
1 800
1 800
1 800
1 800
1 800
1 800
1 800
1 800
1 800
1 800
1 800
1 800
1 800
1 800
1 800
1 800
1 800
1 800
1 800
1 800
1 800
1 800
1 800
1 800
1 800
1 800
1 800
1 800
1 800
1 800
1 800
1 800
1 800
1 800
1 800
1 800
1 800
1 800
1 800
1 800
1 800
1 800
1 800
1 800
1 800
1 800
1 800
1 800
1 800
1 800
1 800
1 800
1 800
1 800
1 800
1 800
1 800
1 800
1 800
1 800
1 800
1 800
1 800
1 800
1 800
1 800
1 800
1 800
1 800
1 800
1 800
1 800
1 800
1 800
1 800
1 800
1 800
1 800
1 800
1 800
1 800
1 800
1 800
1 800
1 800
1 800
1 800
1 800
1 800
1 800
1 800
1 800
1 800
1 800
1 800
1 800
1 800
1 800
1 800
1 800
1 800
1 800
1 800
1 800
1 800
1 800
1 800
1 800
1 800
1 800
1 800
1 800
1 800
1 800
1 800
1 800
1 800
1 800
1 800
1 800
1 800
1 800
1 800
1 800
1 800
1 800
1 800
1 800
1 800
1 800
1 800
1 800
1 800
1 800
1 800
1 800
1 800
1 800
1 800
1 800
1 800
1 800
1 800
1 800
1 800
1 800
1 800
1 800
1 800
1 800
1 800
1 800
1 800
1 800
1 800
1 800
1 800
1 800
1 800
1 800
1 800
1 800
1 800
1 800
1 800
1 800
1 800
1 800
1 800
1 800
1 800
1 800
1 800
1 800
1 800
1 800
1 800
1 800
1 800
1 800
1 800
1 800
1 800
1 800
1 800
1 800
1 800
1 800
1 800
1 800
1 800
1 800
1 800
1 800
1 800
1 800
1 800
1 800
1 800
1 800
1 800
1 800
1 800
1 800
1 800
1 800
1 800
1 800
1 800
1 800
1 800
1 800
1 800
1 800
1 800
1 800
1 800
1 800
1 800
1 800
1 800
1 800
1 800
1 800
1 800
1 800
1 800
1 800
1 800
1 800
1 800
1 800
1 800
1 800
1 800
1 800
1 800
1 800
1 800
1 800
1 800
1 800
1 800
1 800
1 800
1 800
1 800
1 800
1 800
1 800
1 800
1 800
1 800
1 800
1 800
1 800
1 800
1 800
1 800
1 800
1 800
1 800
1 800
1 800
1 800
1 800
1 800
1 800
1 800
1 800
1 800
1 800
1 800
1 800
1 800
1 800
1 800
1 800
1 800
1 800
1 800
1 800
1 800
1 800
1 800
1 800
1 800
1 800
1 800
1 800
1 800
1 800
1 800
1 800
1 800
1 800
1 800
1 800
1 800
1 800
1 800
1 800
1 800
1 800
1 800
1 800
1 800
1 800
1 800
1 800
1 800
1 800
1 800
1 800
1 800
1 800
1 800
1 800
1 800
1 800
1 800
1 800
1 800
1 800
1 800
1 800
1 800
1 800
1 800
1 800
1 800
1 800
1 800
1 800
1 800
1 800
1 800
1 800
1 800
1 800
1 800
1 800
1 800
1 800
1 800
1 800
1 800
1 800
1 800
1 800
1 800
1 800
1 800
1 800
1 800
1 800
1 800
1 800
1 800
1 800
1 800
1 800
1 800
1 800
1 800
1 800
1 800
1 800
1 800
1 800
1 800
1 800
1 800
1 800
1 800
1 800
1 800
1 800
1 800
1 800
1 800
1 800
1 800
1 800
1 800
1 800
1 800
1 800
1 800
1 800
1 800
1 800
1 800
1 800
1 800
1 800
1 800
1 800
1 800
1 800
1 800
1 800
1 800
1 800
1 800
1 800
1 800
1 800
1 800
1 800
1 800
1 800
1 800
1 800
1 800
1 800
1 800
1 800
1 800
1 800
1 800
1 800
1 800
1 800
1 800
1 800
1 800
1 800
1 800
1 800
1 800
1 800
1 800
1 800
1 800
1 800
1 800
1 800
1 800
1 800
1 800
1 800
1 800
1 800
1 800
1 800
1 800
1 800
1 800
1 800
1 800
1 800
1 800
1 800
1 800
1 800
1 800
1 800
1 800
1 800
1 800
1 800
1 800
1 800
1 800
1 800
1 800
1 800
1 800
1 800
1 800
1 800
1 800
1 800
1 800
1 800
1 800
1 800
1 800
1 800
1 800
1 800
1 800
1 800
1 800
1 800
1 800
1 800
1 800
1 800
1 800
1 800
1 800
1 800
1 800
1 800
1 800
1 800
1 800
1 800
1 800
1 800
1 800
1 800
1 800
1 800
1 800
1 800
1 800
1 800
1 800
1 800
1 800
1 800
1 800
1 800
1 800
1 800
1 800
1 800
1 800
1 800
1 800
1 800
1 800
1 800
1 800
1 800
1 800
1 800
1 800
1 800
1 800
1 800
1 800
1 800
1 800
1 800
1 800
1 800
1 800
1 800
1 800
1 800
1 800
1 800
1 800
1 800
1 800
1 800
1 800
1 800
1 800
1 800
1 800
1 800
1 800
1 800
1 800
1 800
1 800
1 800
1 800
1 800
1 800
1 800
1 800
1 800
1 800
1 800
1 800
1 800
1 800
1 800
1 800
1 800
1 800
1 800
1 800
1 800
1 800
1 800
1 800
1 800
1 800
1 800
1 800
1 800
1 800
1 800
1 800
1 800
1 800
1 800
1 800
1 800
1 800
1 800
1 800
1 800
