70 800 2000 964
31 52 691
29 2 357
62 29 133
41 46 621
6 67 930
32 27 932
68 63 225
17 68 126
38 32 147
6 49 621
41 50 177
67 70 457
63 39 703
68 57 192
58 61 233
29 64 772
41 40 190
11 66 897
31 25 935
24 21 620
70 51 213
41 67 564
2 42 214
50 42 15
17 13 743
36 53 160
1 51 900
28 26 35
33 47 284
37 17 455
2 53 189
24 34 222
27 51 736
29 19 297
28 62 306
18 48 691
40 68 242
35 36 547
34 65 369
47 24 630
13 34 779
48 4 858
60 67 515
69 32 526
18 41 184
59 8 46
39 54 292
59 28 528
20 63 983
66 1 547
31 69 81
14 69 840
41 56 818
16 46 18
35 5 395
55 38 317
22 25 797
43 45 485
10 20 736
29 45 133
15 29 946
30 35 147
58 53 608
61 9 803
3 45 382
60 44 637
39 23 961
48 12 587
7 16 915
14 26 689
33 43 551
12 31 846
13 4 821
13 43 606
56 26 589
69 59 936
59 47 159
12 4 903
9 31 136
56 52 689
22 6 406
7 46 216
64 14 69
36 28 902
3 16 571
37 4 74
59 38 806
60 66 739
28 23 792
14 70 163
14 10 672
6 7 275
57 21 555
65 6 10
70 22 793
34 61 147
40 57 923
57 48 686
41 19 5
16 19 550
17 26 354
33 60 834
42 17 492
38 36 333
36 47 581
6 10 205
3 61 857
14 37 266
40 3 292
50 25 71
46 44 341
4 15 363
53 10 658
6 15 837
52 7 882
32 20 772
38 30 111
60 37 963
54 30 107
57 17 797
7 43 252
4 43 274
29 46 427
8 65 589
57 47 800
1 11 355
39 52 711
18 70 753
25 49 640
10 48 955
15 13 691
53 3 583
49 45 817
2 56 683
6 12 552
16 9 455
16 49 905
24 17 244
12 50 493
59 48 622
15 52 418
70 46 146
1 7 115
53 57 851
37 69 578
56 9 926
14 35 670
33 68 834
39 65 225
8 38 57
38 15 391
33 41 493
55 64 897
63 26 322
6 33 543
10 23 484
55 40 234
23 12 343
3 57 654
16 5 520
35 45 198
51 20 821
51 49 84
58 44 215
23 47 887
25 70 240
11 53 649
18 44 906
28 56 13
65 42 757
63 23 484
15 64 233
52 59 224
36 40 307
6 68 746
59 25 165
39 26 109
23 34 796
50 46 463
55 8 351
48 20 287
3 9 307
27 55 937
60 63 110
58 52 386
38 17 709
38 31 700
70 40 943
30 41 327
55 51 297
55 49 22
2 35 201
8 30 760
17 15 91
66 53 175
5 43 835
32 31 559
3 68 378
31 48 397
13 59 436
65 18 471
37 45 990
10 49 762
20 65 195
15 60 76
32 4 363
58 8 927
19 44 221
8 45 75
9 69 923
46 21 917
5 67 30
13 63 831
64 51 674
65 66 269
49 1 723
29 6 228
59 9 683
60 53 368
23 18 298
64 69 490
20 69 866
28 69 643
14 41 857
40 69 183
21 3 795
35 56 409
43 31 271
51 10 677
19 8 204
8 22 690
7 12 789
39 28 848
33 57 904
13 58 139
48 60 301
49 34 517
47 64 279
56 67 952
39 57 959
65 59 872
41 11 555
10 66 151
45 5 23
40 34 874
14 58 147
18 12 320
53 47 211
5 36 83
3 70 321
40 15 586
16 43 688
33 12 148
57 32 151
49 36 420
29 34 493
9 44 562
33 62 887
58 28 924
17 47 344
27 43 996
8 41 639
18 38 589
1 70 973
64 12 132
48 25 634
62 64 483
22 57 462
35 57 514
34 70 915
9 28 249
16 41 606
13 33 347
11 9 80
4 20 7
21 23 925
31 23 394
20 6 842
46 62 577
15 24 975
57 29 843
61 60 808
10 52 534
54 67 621
17 39 519
48 49 875
20 38 53
15 14 954
65 16 291
40 50 842
2 52 657
4 68 665
11 39 457
63 28 626
30 2 465
22 30 60
27 45 815
3 50 550
7 60 740
25 62 850
59 26 51
62 18 292
37 2 801
41 3 769
48 23 409
60 62 178
26 10 798
26 18 798
39 22 703
41 31 135
63 66 707
27 67 286
57 45 15
20 39 401
32 62 724
29 27 488
16 44 220
33 28 106
68 8 718
47 68 162
63 4 363
27 2 747
59 34 166
36 63 174
66 67 506
62 45 480
14 60 461
50 9 763
39 35 658
41 59 353
33 61 480
46 19 55
2 51 344
48 16 482
61 10 762
14 36 683
44 45 711
43 61 91
19 59 204
15 25 263
48 24 665
4 5 82
28 44 75
39 13 332
24 11 621
4 52 341
27 61 406
10 46 64
17 41 187
29 50 162
51 58 84
45 24 360
12 57 876
43 65 83
35 61 402
64 56 787
37 5 272
58 57 281
42 12 335
15 20 565
16 33 279
41 57 808
69 1 187
55 23 974
4 10 542
15 43 486
9 33 414
38 24 360
14 27 747
44 39 115
39 33 880
45 53 706
45 52 860
45 59 52
29 59 477
26 19 217
49 56 492
48 2 410
41 68 681
11 17 842
2 69 423
27 21 343
66 31 596
3 22 1
41 70 872
46 51 594
45 9 11
50 63 677
27 33 588
57 23 708
61 62 206
12 47 560
34 63 866
48 55 146
27 9 182
14 33 968
25 17 235
43 68 754
51 3 386
39 6 883
4 39 730
59 35 660
27 26 418
36 25 732
24 23 382
23 43 847
5 26 192
39 5 122
45 48 603
48 56 430
26 50 227
65 68 506
61 19 113
49 38 574
30 58 818
30 17 652
56 70 656
59 11 517
42 4 450
29 10 124
50 6 861
36 11 47
50 61 209
8 60 281
47 5 360
5 9 724
46 37 881
31 49 938
48 9 419
22 42 888
5 24 604
38 11 514
12 28 898
28 14 949
64 19 174
54 2 793
46 17 450
39 38 906
18 2 622
63 12 567
36 46 504
43 18 42
52 24 96
5 52 619
29 38 390
8 42 313
15 5 601
35 11 496
1 26 810
70 37 964
23 68 422
36 10 25
48 28 666
18 5 93
31 4 462
45 64 767
14 30 78
35 28 198
63 57 650
56 54 285
36 57 383
42 18 158
5 11 598
11 57 468
19 39 61
28 55 404
29 48 466
9 35 797
45 47 19
49 60 504
1 19 671
27 53 62
55 39 136
47 48 923
57 2 194
27 56 422
2 39 6
20 37 611
17 3 399
31 18 975
10 7 729
67 63 287
42 31 340
65 9 492
5 51 671
33 58 251
13 67 659
23 42 218
58 10 54
63 46 777
52 62 153
11 13 814
54 16 298
13 24 718
69 11 323
46 26 698
31 1 427
22 46 309
22 31 250
44 54 60
50 22 887
66 39 794
5 48 414
70 32 863
65 38 877
69 39 66
64 9 419
11 62 311
65 14 326
35 1 132
66 62 187
7 44 25
34 3 697
31 67 117
18 24 751
10 42 499
40 64 121
20 70 122
61 55 67
67 43 555
39 49 21
46 33 277
33 4 211
2 49 169
36 32 632
52 8 922
17 69 557
38 52 280
64 35 525
1 68 166
42 43 691
44 36 264
64 3 325
26 47 612
21 62 672
48 38 179
32 26 560
4 1 6
63 17 516
69 6 16
30 6 445
22 43 23
60 58 451
16 15 739
61 39 250
40 13 866
10 56 93
6 47 51
57 44 387
38 43 581
38 33 935
22 12 239
53 29 67
14 32 130
5 70 232
65 51 450
56 12 274
22 63 749
46 52 563
52 66 938
8 54 757
14 55 218
55 5 787
42 47 558
63 14 666
65 37 248
8 11 376
21 12 596
43 55 256
63 69 255
24 60 385
51 22 349
29 49 606
45 34 287
52 65 819
34 25 902
12 59 39
6 38 371
19 70 494
58 27 457
64 53 766
58 19 661
20 17 308
23 27 632
5 65 539
40 37 381
19 66 653
21 2 809
6 58 91
38 53 240
16 68 403
60 70 116
67 49 227
45 15 751
29 21 650
58 1 153
34 10 601
15 62 148
56 7 866
25 10 746
67 64 937
15 2 529
18 9 241
42 29 748
41 9 719
29 24 306
54 46 464
4 25 186
29 68 41
2 67 82
63 47 654
56 65 290
55 25 289
38 12 998
48 62 488
61 29 135
67 48 825
32 65 643
17 58 579
21 56 537
52 14 822
9 20 50
20 66 578
1 56 593
48 69 882
5 38 32
43 32 986
50 19 861
38 66 968
31 16 290
24 62 707
68 36 760
17 29 701
52 61 107
31 21 632
18 59 791
2 14 933
21 30 267
38 35 93
4 36 883
48 37 976
16 57 913
29 40 703
64 54 761
62 65 877
41 52 582
35 44 312
38 56 869
68 51 294
22 60 759
46 23 753
63 38 840
5 19 328
38 28 451
42 19 161
31 50 773
36 42 569
34 62 535
6 66 679
31 59 118
10 12 839
39 3 288
54 22 15
47 22 607
25 61 302
47 30 927
37 62 751
1 45 505
31 51 141
43 8 223
32 18 583
21 7 925
32 55 725
35 37 132
38 58 304
46 6 680
36 34 124
2 61 516
24 58 961
68 9 989
32 67 143
16 37 255
39 14 45
32 6 8
62 55 810
55 53 286
47 67 653
23 5 587
66 57 757
58 26 554
5 31 97
50 64 282
16 22 373
14 3 308
59 5 164
64 38 915
24 7 698
27 54 687
19 47 211
68 7 876
38 9 50
13 61 245
63 55 253
52 69 724
16 8 621
16 27 244
11 20 239
66 23 643
41 55 223
46 4 952
33 35 385
9 55 957
69 36 666
23 16 645
12 35 670
21 61 230
12 17 510
8 36 589
4 24 170
20 35 237
13 6 297
13 48 242
43 17 954
4 26 876
6 3 863
48 50 882
11 33 631
52 20 452
38 62 919
17 60 981
26 52 696
65 24 28
45 65 288
52 63 921
7 45 634
46 2 149
53 52 989
31 63 651
65 69 2
5 2 206
37 52 793
57 30 433
54 53 316
11 47 219
32 37 55
50 55 723
8 56 634
51 21 952
1 16 674
69 21 332
7 59 117
31 68 309
38 22 891
70 54 7
53 28 920
30 29 150
20 34 225
35 18 887
34 38 158
8 37 201
17 54 908
32 12 108
25 24 427
40 16 924
11 19 505
19 7 463
42 64 153
69 33 176
13 21 760
9 32 482
67 50 639
33 45 757
68 58 270
58 45 632
21 9 76
4 21 725
34 30 15
41 49 202
2 40 465
34 39 192
69 24 304
48 11 36
53 44 636
38 13 262
48 35 434
28 43 37
27 34 212
5 61 654
42 21 34
6 5 275
11 44 185
7 29 351
54 6 774
24 10 286
58 48 199
37 39 32
33 51 865
65 64 430
24 14 230
45 50 945
66 29
6 65
38 64
38 3
31 55
18 47
30 23
33 42
67 38
28 25
11 27
68 57
35 66
41 35
35 25
31 42
49 32
53 5
21 5
55 27
5 12
17 19
65 8
61 1
1 48
38 28
68 54
16 36
6 11
66 2
56 42
48 16
61 14
51 64
58 46
69 56
56 25
20 31
6 21
27 47
56 64
51 28
53 12
7 15
33 52
55 13
43 54
56 42
57 24
10 39
28 18
34 23
37 32
43 64
38 43
32 54
25 28
17 29
54 49
5 69
51 57
37 44
61 48
31 3
33 39
13 9
46 22
12 6
70 55
2 54
62 45
54 32
57 47
37 43
46 34
22 33
44 62
38 32
17 13
56 12
61 8
52 27
27 41
54 38
65 57
34 59
14 69
18 11
18 37
68 17
4 31
46 70
64 28
70 49
6 20
33 32
34 27
29 19
12 17
54 43
62 68
40 69
2 67
31 43
5 19
64 17
32 24
68 11
70 4
45 4
37 49
40 68
63 6
69 39
17 62
67 35
65 25
4 11
19 64
65 5
37 35
22 40
11 67
63 7
17 59
13 44
48 38
20 28
9 22
47 27
42 15
43 13
12 55
54 22
43 25
44 48
30 60
11 50
65 7
38 32
64 60
47 28
45 61
63 67
44 6
67 42
66 58
35 48
27 22
5 70
52 20
38 35
45 20
51 53
51 24
8 10
5 61
2 57
18 21
3 29
67 62
55 17
8 57
9 4
64 9
50 57
69 2
22 5
2 55
36 10
51 1
4 62
53 50
43 22
5 54
3 62
20 55
23 17
64 36
24 51
37 28
29 3
23 64
10 23
25 26
57 39
60 16
32 4
41 18
62 70
15 3
24 35
13 49
6 32
57 14
55 63
50 28
6 35
43 23
26 6
30 58
32 55
10 34
30 14
7 6
10 40
27 12
12 19
33 50
36 20
32 14
8 14
21 57
38 56
45 10
58 23
6 45
33 15
15 58
34 28
3 54
18 23
23 6
53 27
27 43
14 24
32 41
17 33
31 23
65 53
62 63
26 29
42 32
46 23
45 23
60 61
30 60
19 53
29 26
40 37
55 35
21 63
61 13
10 65
8 24
19 48
27 50
56 16
39 45
48 63
56 10
12 37
56 60
27 23
25 34
28 15
45 51
7 13
27 13
54 27
54 59
50 26
30 69
23 25
43 47
12 47
3 2
13 58
54 68
2 39
54 31
60 32
6 32
60 19
41 14
2 53
15 40
5 60
1 27
25 8
6 10
17 16
3 68
54 62
57 8
5 40
70 11
64 61
51 2
16 9
34 5
62 42
41 13
62 14
20 30
62 25
48 13
37 18
69 65
40 3
40 52
31 38
12 49
34 67
46 60
52 12
39 8
69 46
29 28
27 9
37 62
16 47
47 34
17 48
70 20
61 42
16 9
3 5
39 16
13 54
31 67
5 27
29 45
33 27
69 41
19 23
66 61
53 34
33 21
42 56
50 65
60 57
35 10
30 25
26 27
30 67
26 32
43 18
30 41
53 18
45 56
31 43
3 9
37 65
42 7
33 48
40 69
62 14
50 47
59 12
32 13
60 12
56 70
2 7
64 32
23 28
61 9
69 38
22 61
49 1
58 53
6 16
56 25
20 21
15 5
52 16
35 65
52 43
52 49
23 48
29 7
26 56
33 25
12 6
14 53
55 9
70 22
66 56
10 34
16 40
15 7
60 46
31 61
37 25
64 37
38 50
52 15
46 39
13 18
47 65
37 15
54 1
33 59
23 60
56 3
26 63
52 38
25 36
57 31
58 62
45 1
63 54
15 6
13 65
10 38
39 15
54 22
70 32
17 25
7 29
31 64
45 66
48 55
21 62
60 48
42 48
70 26
47 26
62 32
53 34
29 23
18 27
55 8
60 38
30 6
69 38
53 58
31 44
20 40
36 5
59 26
47 68
26 43
64 48
69 11
6 21
34 66
45 50
13 54
36 15
51 9
22 47
25 33
62 69
24 45
52 21
41 57
43 70
2 62
19 41
25 62
70 3
38 20
40 8
48 36
37 58
39 17
27 12
58 3
2 56
17 53
10 38
69 19
36 18
55 7
21 68
21 23
16 52
39 8
6 48
43 48
45 30
39 58
2 21
17 23
22 51
62 58
16 62
12 9
18 12
13 28
63 42
26 70
60 18
43 46
18 4
64 52
4 17
40 32
40 56
47 36
10 50
24 59
49 14
47 6
3 23
35 61
15 24
14 28
22 28
54 36
68 21
2 36
15 13
62 16
11 43
28 20
25 5
23 56
17 16
8 58
20 50
11 27
8 11
64 32
29 31
7 37
5 46
70 68
46 30
66 6
54 10
20 4
26 29
43 36
64 25
49 1
65 54
6 24
45 66
57 58
46 38
48 47
54 20
21 28
51 2
22 1
43 11
50 6
45 10
55 69
45 65
50 46
44 45
9 38
11 4
18 19
9 65
54 61
27 33
51 69
34 40
48 51
52 51
36 63
33 49
17 36
17 67
56 16
17 33
52 62
60 23
61 36
30 57
54 8
20 10
3 16
43 9
65 42
29 30
20 40
30 4
36 7
44 54
46 44
32 36
54 37
1 17
8 21
17 52
18 38
6 69
41 28
35 17
48 38
49 27
43 28
52 36
22 59
10 57
31 34
38 14
69 64
3 42
24 46
65 60
15 17
40 63
7 4
40 34
62 28
70 68
23 69
59 28
54 44
35 24
28 10
1 66
49 46
24 22
39 69
33 5
29 14
68 17
52 27
70 69
64 10
69 37
10 24
23 10
17 27
67 11
27 50
10 16
32 66
1 61
16 42
41 19
55 40
26 42
25 20
17 31
7 52
11 45
50 6
36 42
15 48
48 36
2 47
36 11
43 36
38 42
63 14
32 17
47 42
52 69
47 35
34 50
50 33
8 45
31 44
31 67
13 7
46 4
40 54
44 66
68 50
50 69
40 35
20 39
46 3
23 65
12 3
44 31
20 19
60 62
25 40
43 59
3 31
54 16
56 4
69 52
5 45
65 60
55 60
70 48
47 52
4 36
59 7
48 29
10 12
21 65
6 59
67 7
39 38
6 36
9 17
14 20
6 26
23 2
23 1
19 38
60 56
28 61
54 52
17 26
29 27
21 64
14 1
30 40
70 53
10 7
35 45
18 28
1 58
35 23
40 14
16 63
58 9
20 55
66 21
1 58
53 14
16 58
27 49
7 68
29 48
18 46
50 21
62 45
58 4
60 30
43 42
24 18
60 33
36 3
25 17
38 47
38 58
8 23
66 29
13 17
27 34
66 20
18 53
18 54
45 30
45 39
3 48
34 51
21 20
36 47
13 46
61 45
56 22
52 13
54 13
41 33
57 35
7 16
11 32
62 58
27 46
59 31
50 35
42 32
2 46
49 61
39 49
70 35
42 18
60 26
17 30
67 5
23 19
11 45
50 55
28 65
11 63
8 68
22 40
10 6
43 61
24 52
62 41
8 6
56 55
67 9
19 46
61 30
61 31
57 24
10 40
61 34
27 65
12 22
46 29
31 20
59 10
1 33
61 39
36 2
16 1
20 56
47 64
70 39
40 25
27 26
2 66
66 22
12 17
15 40
59 28
12 60
6 67
51 29
32 46
58 39
3 48
15 8
65 27
1 33
28 27
37 42
1 36
15 39
9 13
9 63
24 8
6 11
51 1
6 29
44 35
56 27
29 22
56 34
38 57
33 15
38 12
28 5
41 66
7 48
69 32
36 60
12 23
9 53
13 46
61 55
11 24
3 10
20 47
24 9
20 69
67 61
41 54
62 31
4 39
33 28
20 21
6 22
27 70
20 43
54 17
19 62
1 52
62 46
18 32
67 70
24 51
65 54
50 1
29 20
5 35
59 11
32 6
56 14
64 49
61 63
5 18
29 48
27 66
7 50
3 44
61 45
8 19
43 70
45 12
12 30
67 25
70 50
21 16
59 4
64 44
20 4
42 47
36 17
16 5
16 30
7 10
58 68
32 56
45 14
23 1
60 20
2 65
16 22
13 26
56 69
9 16
68 20
5 35
39 17
37 48
21 11
62 20
54 68
22 38
42 53
11 59
41 55
13 68
25 7
16 48
12 4
33 59
60 9
25 43
24 54
29 20
25 52
5 30
20 6
67 30
62 63
60 5
12 11
7 1
36 19
27 48
26 59
53 19
19 18
51 17
42 34
47 52
24 9
24 45
12 23
1 54
13 58
60 35
1 6
39 3
57 34
53 24
41 59
48 10
46 68
14 22
6 28
23 35
51 4
20 63
9 13
21 36
46 18
64 31
41 46
38 54
30 43
13 17
58 36
22 50
32 66
15 67
29 27
17 66
48 67
39 13
32 27
43 65
22 7
59 12
18 54
27 14
13 37
69 18
5 55
69 26
47 5
21 6
27 49
51 58
2 61
44 24
39 45
5 69
20 7
29 18
32 29
52 38
33 20
17 23
18 64
68 13
38 58
60 61
28 25
15 50
55 66
56 37
32 51
30 70
27 40
32 26
25 33
36 3
30 59
70 17
47 20
45 17
2 50
13 34
55 27
68 4
35 36
22 21
25 21
6 9
37 48
32 66
2 35
60 7
54 2
49 31
46 1
28 22
44 70
3 68
34 59
18 23
51 37
25 18
10 40
49 28
67 15
12 4
69 41
36 48
16 64
16 12
29 33
48 24
59 2
36 8
12 4
52 41
32 12
17 3
9 19
19 69
57 28
17 34
52 58
12 56
15 40
63 17
21 33
23 31
34 47
14 32
64 16
64 26
63 30
65 60
18 12
32 58
38 11
58 21
37 68
59 62
47 67
8 33
12 66
24 55
12 46
26 46
50 60
45 3
2 15
16 27
70 41
44 2
48 59
22 36
49 38
49 27
12 21
42 9
69 33
30 35
23 25
21 34
49 67
14 12
69 63
47 36
59 40
69 38
62 70
52 14
35 22
55 13
24 8
23 33
45 30
39 69
9 32
31 47
60 59
20 58
42 56
11 27
32 12
29 8
2 16
20 6
11 53
5 56
22 25
31 9
66 39
44 10
9 19
22 50
22 35
24 21
24 59
32 36
11 30
52 43
34 15
57 2
46 32
3 27
66 2
62 40
38 26
37 17
34 50
64 25
68 45
46 14
52 31
70 10
7 32
50 6
28 9
18 39
6 34
10 51
18 21
21 63
42 13
51 4
54 39
33 43
43 36
58 35
69 27
10 40
62 57
25 47
70 53
23 36
36 28
33 42
25 29
59 57
39 52
38 30
32 12
27 60
33 13
2 70
45 17
16 30
40 19
22 70
24 16
57 8
23 48
25 7
19 2
13 27
55 1
31 66
45 12
60 33
3 41
51 38
58 65
50 49
8 23
41 38
43 11
59 12
30 1
68 12
2 49
9 36
1 64
31 3
35 7
35 7
47 62
17 30
35 54
8 17
20 30
37 23
7 62
46 66
1 22
49 2
49 27
65 45
9 58
6 29
43 9
52 67
33 65
21 27
67 26
40 24
57 17
59 53
69 10
24 48
3 50
25 66
55 29
25 65
35 6
1 24
52 69
47 42
4 38
38 29
21 3
41 43
24 13
66 69
1 63
6 30
65 60
65 32
31 45
5 35
24 9
7 40
49 41
66 68
18 2
68 51
45 31
58 37
8 5
6 69
18 36
69 3
8 55
55 50
2 45
8 53
6 29
59 37
7 27
44 3
10 67
42 28
33 29
60 16
11 55
17 11
67 51
59 44
49 64
52 23
14 44
60 40
24 42
29 32
8 24
26 21
52 4
64 65
37 2
42 44
38 63
45 44
26 12
43 24
64 11
2 30
11 43
27 42
51 34
35 14
9 43
29 37
43 31
42 4
26 40
32 12
63 61
52 43
20 38
30 20
40 1
64 48
26 19
14 47
66 10
17 40
65 30
53 7
58 15
38 54
6 40
5 52
16 17
57 17
63 52
41 67
33 51
60 5
65 6
21 31
1 70
30 47
6 7
40 30
18 30
19 44
37 10
8 64
9 69
54 27
39 37
18 22
64 54
5 45
3 10
21 33
14 62
64 1
51 13
46 27
19 29
55 32
12 61
34 10
5 33
34 35
4 28
24 30
67 2
32 42
58 27
5 3
33 65
35 25
33 57
33 24
37 48
26 6
29 17
10 37
25 10
32 39
19 37
8 58
9 41
16 17
22 26
27 61
19 66
17 39
22 19
65 55
17 18
23 13
37 17
17 40
42 15
35 48
65 67
70 18
18 38
15 57
40 67
62 2
21 1
37 10
63 10
23 31
63 66
7 10
29 31
15 4
68 51
65 46
42 45
38 51
14 37
7 9
12 29
13 7
8 20
65 26
50 42
17 30
49 33
3 55
7 41
43 37
2 61
38 69
69 9
41 28
45 12
17 6
58 39
13 36
51 28
27 69
44 54
46 23
34 36
13 8
22 43
41 55
25 7
31 22
20 32
54 2
47 19
70 36
62 45
27 39
18 46
24 19
9 45
27 48
67 38
59 46
20 33
69 17
43 27
37 61
66 69
37 1
45 15
43 28
5 31
36 46
61 69
47 37
18 17
67 62
57 22
58 68
70 15
18 51
51 69
60 56
12 60
38 53
56 57
4 44
63 26
18 20
11 45
20 48
29 14
25 65
4 65
21 22
5 13
33 6
4 14
4 14
52 39
64 19
46 21
20 44
21 57
45 57
61 68
50 22
17 63
40 38
32 9
41 2
26 21
8 34
8 46
1 64
27 69
22 62
51 70
2 59
3 59
17 34
3 30
57 32
62 21
47 12
45 59
60 25
42 16
28 2
17 70
35 37
19 51
50 30
13 48
24 13
36 43
47 7
33 19
19 27
50 58
60 18
47 7
63 43
7 49
56 10
60 13
31 51
23 35
45 42
5 56
17 34
63 4
28 21
32 60
42 27
20 67
30 3
21 45
31 4
37 24
20 67
8 69
11 70
29 1
42 11
62 29
17 42
32 58
3 38
11 59
59 57
17 45
59 66
65 46
19 61
48 16
10 49
17 39
26 11
1 43
39 28
42 40
64 31
18 22
20 7
53 63
27 18
48 54
53 31
69 17
55 5
50 18
1 62
8 28
42 41
44 34
43 69
29 59
10 51
4 20
15 37
15 63
56 57
66 33
41 38
43 40
32 57
48 44
46 58
45 66
4 55
62 66
35 32
32 51
6 62
26 32
51 66
10 49
8 50
49 34
47 12
41 30
12 28
56 63
49 23
68 66
11 19
60 69
68 45
10 58
2 51
2 61
8 18
31 45
57 43
47 12
4 18
50 66
9 67
47 27
19 18
18 27
34 43
26 44
58 56
10 36
25 8
47 49
8 56
45 16
69 1
67 70
13 58
36 49
9 11
50 16
50 34
10 69
64 52
2 58
12 61
17 68
66 20
55 9
34 62
55 26
6 54
9 57
17 36
55 17
51 41
39 24
22 14
67 26
5 63
17 44
2 17
64 54
15 3
29 12
22 67
11 15
17 9
7 60
33 7
6 4
47 69
67 19
40 63
11 65
30 48
51 47
65 23
30 42
3 63
20 63
57 14
47 69
54 7
39 5
28 17
47 43
43 15
14 51
44 42
30 42
5 11
56 51
30 20
56 57
63 34
58 21
63 26
43 32
32 52
3 49
19 13
68 67
18 59
10 37
3 61
40 33
42 47
59 61
70 39
56 9
26 65
35 36
53 19
17 12
6 65
33 26
37 65
62 10
66 40
2 11
24 64
44 58
67 9
64 63
36 46
70 50
48 6
16 24
30 7
19 5
10 52
61 37
49 20
24 4
46 48
42 16
53 11
60 57
26 57
51 58
38 41
23 32
27 65
60 19
64 19
8 66
51 24
50 37
43 29
55 28
30 40
70 8
1 38
43 26
3 44
26 14
68 47
37 36
61 33
18 32
13 70
39 17
56 22
51 31
39 31
64 26
14 41
34 53
32 23
1 41
67 53
12 11
49 25
17 35
25 22
20 44
2 64
53 26
61 48
25 36
22 46
17 7
59 60
19 24
21 40
55 6
60 67
52 62
11 30
37 44
4 21
26 54
5 2
46 3
28 25
26 36
4 27
36 14
40 1
8 27
25 50
34 29
38 1
31 41
34 49
31 69
3 25
35 69
23 9
47 69
4 21
14 24
6 8
1 52
57 46
35 48
26 52
52 40
47 21
43 70
18 49
56 10
65 52
50 2
21 41
56 20
22 45
22 30
16 61
65 16
10 5
11 28
16 11
63 19
55 28
47 28
37 27
1 54
22 17
31 55
63 65
45 12
10 5
42 51
11 20
64 49
42 1
67 58
60 29
37 7
8 29
7 32
30 17
56 47
33 65
34 51
44 31
70 25
47 49
15 6
40 32
19 28
54 61
10 69
27 48
62 35
50 2
38 45
54 34
50 11
20 59
49 28
49 1
19 51
37 55
25 64
1 33
2 15
45 62
52 41
18 61
62 4
69 46
46 29
59 34
9 35
15 8
52 20
58 27
20 26
49 61
18 44
11 7
33 22
5 4
27 12
18 35
6 3
3 46
60 37
32 69
46 65
45 59
33 55
55 60
27 2
42 36
43 7
55 26
61 37
62 58
53 15
45 14
64 62
51 31
27 59
3 23
56 11
67 43
21 51
42 64
38 56
9 50
6 31
62 34
21 20
32 34
59 48
63 49
53 62
22 47
29 40
60 52
28 12
41 63
43 49
51 36
46 52
61 3
54 58
63 15
26 5
16 23
54 37
41 18
13 6
52 8
45 19
9 56
31 27
7 69
45 9
68 3
61 22
46 26
58 46
53 5
23 15
26 38
35 48
39 1
31 67
5 14
7 61
23 36
43 30
12 5
41 68
41 39
65 43
32 22
30 47
59 41
35 34
17 37
49 3
42 1
10 34
48 45
46 5
13 68
15 21
50 49
33 15
17 27
6 3
44 43
22 54
8 44
40 62
39 4
67 37
51 31
9 19
4 38
54 26
31 58
35 55
64 20
63 37
