480 800 2000 430
18 256 319
286 18 845
92 243 751
240 192 250
147 373 910
203 190 815
376 221 810
32 118 180
206 77 628
254 277 640
125 236 125
366 26 557
13 162 678
378 264 931
20 446 670
256 87 856
47 113 213
413 293 580
84 267 847
190 371 585
88 448 913
129 67 591
314 289 846
452 49 519
292 455 28
410 286 341
440 229 112
388 250 553
72 70 773
118 464 170
92 383 539
66 240 206
461 220 364
444 35 752
245 68 916
298 340 265
171 331 780
220 35 464
74 117 305
356 257 21
436 312 862
104 463 363
285 399 470
193 74 927
165 91 580
134 6 811
209 118 201
77 236 379
223 413 513
207 387 135
282 268 712
223 273 455
136 235 646
193 303 669
295 476 652
424 29 934
319 223 138
63 18 285
462 243 577
84 358 358
305 28 460
126 313 591
185 298 487
29 70 980
45 24 65
19 150 25
234 133 874
124 164 671
105 343 971
101 127 739
391 389 622
182 92 680
10 260 634
33 364 141
228 255 815
13 151 116
469 219 764
85 198 603
464 383 177
21 283 209
3 351 675
162 61 582
196 399 887
455 173 803
331 83 231
322 450 384
468 266 140
379 430 72
6 446 135
4 13 796
184 237 348
477 366 134
110 475 190
103 201 90
116 260 332
117 459 63
38 17 515
196 114 955
444 45 342
279 310 939
118 168 92
281 286 531
71 2 117
56 336 421
251 461 226
171 429 555
151 57 139
27 326 200
16 239 587
418 161 64
404 188 491
69 375 495
305 387 790
170 340 20
111 255 795
46 42 606
435 214 284
183 23 750
291 212 507
149 272 143
35 402 890
462 85 12
263 469 39
451 331 318
303 53 136
38 243 856
370 166 416
100 147 994
445 225 659
452 123 139
137 5 909
479 97 509
18 302 224
47 202 567
85 333 574
140 194 699
31 416 395
202 160 616
463 178 282
367 208 430
377 203 815
119 442 265
291 310 530
324 409 181
315 23 378
219 317 54
92 292 43
165 371 358
206 3 558
434 273 375
191 355 184
93 337 288
466 462 115
360 13 136
189 139 74
61 372 299
217 421 711
471 144 446
237 175 93
64 118 967
60 293 140
155 4 299
467 452 96
135 56 163
254 377 216
114 375 735
229 261 237
234 107 213
225 165 439
82 98 640
289 372 472
268 7 369
376 126 748
231 459 409
167 292 223
20 130 126
234 68 39
109 391 651
210 220 383
213 328 485
74 237 710
56 198 564
48 77 813
196 162 41
473 69 843
147 163 642
139 463 226
190 94 643
126 266 868
416 471 778
414 20 365
450 383 768
236 474 566
308 422 92
134 206 295
326 417 54
30 405 373
131 336 870
85 233 461
281 314 425
228 167 497
15 358 590
63 344 986
399 54 822
414 265 231
183 427 677
466 286 638
197 60 159
425 289 879
187 202 829
107 163 320
408 124 410
363 202 990
7 225 847
331 57 242
329 327 212
215 219 68
178 72 898
142 386 792
146 270 62
81 390 511
84 40 136
327 162 671
256 113 755
15 399 521
382 191 11
357 220 987
424 108 861
62 239 437
201 172 810
350 202 406
145 13 622
93 165 686
172 407 355
126 85 671
136 380 426
21 205 624
198 124 560
75 120 620
33 454 691
424 138 387
269 221 789
397 51 949
27 385 172
285 65 354
429 407 324
109 108 40
426 183 476
213 19 4
218 70 397
452 431 147
106 110 13
296 376 862
449 357 199
473 207 912
45 81 416
438 401 327
281 75 774
257 475 439
110 82 529
34 285 561
214 479 415
65 347 977
41 62 744
229 427 303
147 177 844
369 181 802
214 255 410
124 394 816
313 51 566
172 389 786
233 147 471
29 276 873
319 112 155
275 60 313
377 21 723
359 419 717
474 102 274
144 151 34
321 324 622
37 423 40
472 297 563
229 35 378
470 223 831
192 433 61
166 436 371
439 4 563
68 392 920
127 99 920
325 36 572
86 195 186
373 288 554
441 65 281
245 217 54
207 404 997
305 316 150
413 287 571
254 276 198
235 207 838
222 473 716
473 52 367
431 135 866
128 422 257
397 272 511
378 417 296
282 237 766
398 46 832
300 12 86
313 398 577
381 233 888
339 63 526
61 334 741
122 48 21
456 1 500
340 224 463
167 185 203
463 300 879
379 251 271
151 80 771
167 110 172
112 19 73
319 1 533
89 70 713
226 383 968
236 354 378
295 12 723
336 440 527
229 412 448
197 321 614
308 367 725
187 216 265
117 324 878
313 385 632
9 229 185
478 379 876
70 143 93
24 180 92
26 235 563
245 355 827
99 397 859
62 358 264
393 367 752
3 29 790
407 36 821
46 393 851
260 246 650
87 297 966
321 406 507
382 401 896
255 5 279
146 389 689
39 309 492
255 156 205
1 30 296
161 72 20
310 201 580
349 105 606
249 338 386
29 192 177
436 143 445
87 230 351
77 174 318
342 266 220
9 96 40
428 100 593
106 76 143
415 71 757
343 381 780
311 439 93
187 67 523
276 195 677
200 64 9
238 39 31
398 227 285
454 393 323
215 373 135
324 442 789
253 443 383
153 341 374
299 314 675
173 2 718
464 332 470
211 372 64
22 299 54
303 140 209
369 465 131
249 386 973
189 37 843
420 48 322
116 473 165
87 346 359
151 345 839
179 137 761
102 304 779
242 428 196
365 39 326
244 420 197
232 54 848
79 218 201
188 262 746
320 84 754
400 248 650
73 295 832
58 252 707
188 271 788
125 318 90
176 148 368
44 213 753
130 437 863
165 362 647
224 152 181
115 333 98
137 159 800
357 290 12
157 273 932
14 47 189
121 334 339
90 57 794
259 383 283
426 8 328
414 457 121
122 448 832
64 359 274
110 95 396
178 181 565
294 399 338
43 235 987
361 248 637
138 341 201
202 335 744
148 59 854
238 271 19
432 69 722
301 116 368
408 50 651
403 121 278
345 386 260
203 323 525
203 278 59
178 388 91
25 258 861
455 460 749
20 11 112
284 179 154
282 352 4
414 258 461
190 447 210
411 259 492
247 83 920
196 400 442
411 274 317
252 359 663
296 353 508
480 425 817
157 280 292
195 374 152
290 169 320
458 365 460
253 241 86
363 253 93
55 444 317
343 453 105
43 307 406
395 398 591
297 186 499
103 148 310
118 141 503
239 306 184
172 396 231
28 368 701
204 205 738
215 158 265
350 132 478
171 199 443
78 217 417
291 384 676
330 19 725
168 154 835
348 300 245
301 275 752
350 125 193
90 385 692
344 419 103
250 447 773
95 236 22
33 416 127
459 446 397
269 8 926
295 268 830
222 26 398
52 417 603
94 386 534
370 115 507
281 78 17
86 281 129
115 209 216
155 106 294
62 244 647
302 111 297
96 405 107
153 355 790
147 282 869
207 148 300
4 385 986
191 165 881
294 316 650
202 435 6
283 478 413
202 379 562
161 304 236
304 397 694
27 122 471
62 234 195
287 35 886
31 343 889
178 337 519
219 477 89
462 5 857
182 124 757
131 109 698
171 18 39
463 250 17
396 76 70
5 216 895
28 37 471
343 186 875
433 194 692
328 382 831
4 434 258
7 177 387
54 325 697
232 105 645
17 182 102
49 441 175
244 72 66
462 17 504
212 300 701
472 401 565
22 284 125
311 297 216
409 385 716
437 242 338
236 157 861
396 232 77
96 472 541
459 179 964
46 48 219
292 456 91
17 438 596
16 255 839
121 4 37
315 431 124
131 287 342
41 69 65
185 169 592
91 474 334
256 472 983
351 126 392
400 41 995
270 142 501
418 200 257
206 444 869
24 321 719
41 122 976
70 419 249
353 373 625
323 297 923
404 416 997
467 415 100
208 84 493
201 145 972
28 230 129
76 52 452
219 140 827
157 7 529
264 315 614
385 180 105
235 83 831
37 453 723
20 136 276
319 114 968
92 117 388
338 289 353
102 473 315
267 145 986
349 12 938
128 428 710
43 441 8
71 203 445
448 315 265
389 248 132
259 436 626
441 88 751
212 187 60
428 226 227
417 323 763
462 323 971
413 165 591
344 45 123
142 22 343
418 100 921
83 40 801
53 322 623
253 356 330
64 119 734
294 121 138
85 262 480
408 57 439
102 232 771
458 212 914
360 6 661
466 91 958
347 345 780
115 342 40
480 191 114
128 136 853
225 324 415
18 402 741
7 16 311
86 247 252
369 44 278
6 142 196
62 329 41
355 62 672
269 104 191
285 89 503
348 64 111
257 434 847
43 401 235
85 246 183
451 369 967
121 9 235
66 82 54
465 228 72
160 107 655
332 152 207
471 334 322
266 377 695
238 177 58
240 216 825
108 390 147
65 197 742
271 452 285
213 102 866
304 226 147
317 92 453
124 24 357
409 122 572
248 102 467
127 197 834
167 35 846
201 101 818
211 381 32
155 358 154
242 406 433
164 144 566
388 103 181
182 31 166
326 300 135
186 20 642
301 233 650
150 480 568
211 217 6
181 223 307
54 352 432
155 11 576
283 243 117
410 437 537
26 363 524
214 477 730
358 78 96
41 452 370
287 369 595
311 475 330
382 421 759
295 435 894
370 187 582
308 207 201
68 67 278
238 194 814
24 296 108
400 363 124
71 123 90
273 213 208
136 418 488
144 175 226
186 166 897
178 194 510
277 183 761
32 383 960
130 25 287
435 67 509
62 61 1
7 25 360
186 83 687
202 331 14
314 385 395
212 186 660
416 352 38
196 98 792
442 390 3
244 194 563
196 432 902
181 59 592
72 299 986
472 147 682
37 371 844
422 123 222
377 407 667
174 264 227
311 358 258
432 246 245
94 87 835
366 200 730
449 342 869
307 46 845
342 129 804
373 422 167
275 67 893
102 407 189
191 71 727
347 477 774
235 453 623
328 480 907
217 203 215
282 278 688
173 158 11
247 208 677
60 477 912
42 3 154
86 339 566
284 187 110
62 216 517
248 319 309
11 327 228
315 56 119
373 265 802
351 56 115
403 82 87
256 366 923
183 84 134
194 240 671
288 316 972
23 118 363
408 344 594
90 202 178
410 81 469
474 398 170
255 477 696
210 82 12
183 465 510
87 71 731
237 319 126
275 18 900
472 333 176
108 249 417
67 458 698
407 387 427
191 190 132
217 480 444
157 16 386
191 105 525
119 289 328
198 184 133
29 457 933
475 345 969
354 392 413
23 311 20
261 264 965
216 157 315
358 25 391
75 377 403
125 474 424
124 373 641
277 50 992
160 316 307
194 460 379
273 2 525
434 115 30
87 374 269
1 474 871
46 191 756
298 177 789
451 29 27
129 50 704
10 428 904
374 164 852
185 41 841
192 224 814
201 174 420
347 28 454
65 238 68
285 125 219
469 396 93
284 204 965
336 445 503
432 89 15
155 89 9
53 254 301
190 440 748
14 117
271 187
437 81
347 403
479 371
86 289
223 108
126 202
125 56
224 357
224 371
240 237
66 38
15 450
462 440
458 14
176 195
432 125
118 345
126 350
201 450
287 94
246 52
95 178
196 452
49 235
82 370
404 421
392 134
454 195
351 219
350 368
344 404
62 404
278 293
109 405
339 223
233 70
21 99
207 182
470 229
243 34
147 240
279 393
357 103
449 365
408 319
13 56
5 227
102 244
163 198
247 436
418 359
432 369
302 253
92 116
17 36
399 190
107 258
421 467
156 278
35 266
214 212
390 370
190 460
127 217
297 328
124 318
35 194
60 4
174 104
391 289
248 76
376 103
170 350
132 246
363 112
123 38
253 138
445 400
429 163
412 207
122 155
158 266
449 168
283 227
111 35
418 60
144 377
34 121
408 168
58 108
354 322
407 390
181 444
45 388
315 203
323 185
257 460
13 111
219 100
467 76
6 478
336 287
22 97
4 421
17 180
108 127
196 426
185 166
3 126
256 18
44 392
330 337
105 394
362 211
330 403
72 269
234 360
13 187
117 373
234 34
339 222
139 429
330 383
111 279
357 153
260 347
319 63
402 4
171 379
88 197
163 418
282 337
286 428
232 323
100 359
206 138
242 115
369 256
16 112
286 471
370 102
169 426
19 442
293 68
367 108
381 35
461 354
10 404
351 224
69 168
24 462
15 347
478 266
29 249
382 237
346 287
111 293
233 463
325 290
345 277
277 120
342 89
63 211
249 380
476 99
81 192
290 287
472 343
158 269
209 131
8 338
10 417
349 218
144 331
27 111
443 80
111 6
381 120
327 409
87 9
65 427
262 149
79 294
274 462
475 409
151 26
357 260
341 260
228 255
34 206
121 118
124 119
424 216
90 155
53 10
151 362
423 359
243 406
407 303
261 455
162 343
356 102
262 400
77 134
52 154
31 115
369 199
358 304
309 209
121 266
131 422
284 41
438 322
275 247
331 449
154 239
444 269
385 367
370 452
267 391
464 33
60 204
99 444
3 237
90 29
430 64
342 290
326 409
142 20
238 97
225 251
183 146
11 224
384 216
390 284
175 328
367 272
152 420
57 320
440 249
94 273
280 144
199 37
348 102
120 195
172 376
454 98
53 260
368 444
174 278
80 148
221 172
272 270
223 25
349 39
224 408
180 369
296 13
83 188
398 262
29 462
346 368
426 346
442 385
84 240
171 84
323 121
84 102
350 228
68 186
225 85
415 404
132 37
227 277
172 281
436 34
298 290
345 267
280 66
396 45
230 71
436 317
291 405
1 12
326 39
3 243
204 393
437 263
179 337
326 379
194 391
200 390
180 20
136 142
231 303
338 391
200 474
344 238
477 160
48 460
201 365
231 81
385 285
203 16
110 140
473 287
241 328
271 189
428 161
211 66
1 243
418 111
450 134
165 229
36 432
125 316
156 381
34 104
426 77
185 408
59 147
421 142
114 143
297 174
471 419
284 414
147 35
461 150
416 154
354 79
391 412
232 269
130 105
39 152
157 136
240 262
171 215
206 40
426 411
417 335
373 358
85 121
257 6
186 255
11 285
358 246
185 281
155 232
178 454
403 478
3 211
1 376
153 473
314 394
82 448
439 28
104 224
269 171
410 191
183 362
305 165
383 324
28 89
7 239
447 13
371 222
362 164
469 419
73 258
202 321
386 45
151 212
149 213
186 370
128 70
231 62
176 468
211 153
331 2
70 132
280 50
156 263
180 479
352 303
195 87
39 141
425 233
434 358
333 214
480 154
390 99
146 52
361 71
142 471
386 201
200 312
216 318
253 107
164 296
327 466
254 392
184 5
395 452
390 10
289 449
396 472
94 110
295 54
108 46
190 401
220 408
357 327
101 412
292 449
66 111
305 393
406 114
362 304
382 317
191 35
200 453
389 101
438 402
197 204
104 344
317 390
330 399
364 463
211 107
226 179
175 70
457 255
76 34
163 210
288 404
372 86
219 199
345 343
102 379
396 279
56 417
249 5
249 108
324 86
73 469
46 21
155 367
215 232
232 235
204 333
176 435
442 43
386 47
335 208
314 304
215 62
192 408
375 213
444 67
166 3
237 421
177 247
298 373
194 342
229 265
173 248
259 46
22 307
465 73
109 474
122 305
466 103
198 137
254 153
36 163
450 178
429 284
70 195
59 290
130 433
130 379
384 297
190 142
439 22
295 414
275 144
139 351
208 1
99 239
248 280
40 5
219 58
408 245
195 275
37 419
79 66
79 52
389 240
56 200
250 24
135 202
429 268
428 176
475 66
433 397
438 425
363 288
188 351
113 354
330 15
126 114
241 74
83 276
450 132
359 216
174 456
438 464
238 280
214 343
86 301
248 163
415 76
68 371
16 212
81 334
241 272
471 310
158 175
13 470
291 288
117 49
118 34
3 96
90 195
316 377
467 256
245 47
280 153
64 327
333 285
209 372
179 465
6 106
48 17
151 121
265 260
75 296
38 139
16 375
280 138
267 206
65 254
207 110
399 189
398 201
371 480
398 310
442 341
219 292
28 96
268 195
478 416
191 387
475 60
11 193
433 254
364 416
256 361
226 257
262 18
126 169
370 252
188 231
229 283
306 278
293 233
208 47
465 272
117 160
268 137
473 273
145 219
223 194
290 445
200 309
301 352
131 351
297 234
23 480
164 57
170 414
234 401
445 335
117 480
472 412
154 265
274 445
420 113
295 13
470 24
42 469
180 463
178 26
356 296
318 133
42 51
361 475
76 27
14 134
19 465
129 339
158 149
341 202
313 276
355 346
237 290
346 227
64 207
15 101
427 227
100 311
303 66
261 453
384 132
229 251
118 27
440 428
419 69
451 351
331 460
108 479
323 152
74 193
244 287
92 270
293 339
141 466
207 132
150 365
239 425
447 117
356 244
374 406
379 339
364 38
330 334
63 245
33 422
434 216
30 96
107 125
139 15
261 7
423 458
149 175
288 185
350 236
284 190
63 376
373 266
357 121
272 181
350 206
168 368
297 362
143 184
41 77
182 160
181 415
43 362
413 478
146 321
226 211
419 18
154 164
214 181
292 404
410 164
14 131
212 55
241 270
378 177
322 102
363 166
435 208
215 453
114 80
88 90
232 105
400 414
133 139
327 388
207 287
352 243
273 54
453 190
330 370
159 136
69 47
391 408
212 338
471 90
438 180
197 471
366 190
389 304
225 32
370 409
161 282
313 29
16 118
307 459
152 315
226 35
391 211
342 95
234 169
100 60
416 118
222 421
32 64
15 158
468 219
23 175
476 170
397 447
307 292
424 369
459 83
141 9
56 144
191 112
335 350
262 327
314 202
148 298
191 129
93 383
248 87
55 274
383 63
296 294
36 183
200 102
471 26
51 403
463 208
72 295
266 463
114 385
408 390
402 261
342 35
234 310
275 430
334 339
80 422
143 239
435 236
58 283
434 444
10 250
27 439
100 357
332 448
338 470
43 98
442 51
425 277
222 111
409 187
68 382
244 2
351 346
328 346
270 154
2 404
229 23
156 96
127 36
379 126
435 109
404 282
364 222
424 376
30 191
24 460
380 16
455 363
357 279
369 341
243 36
297 249
59 311
68 114
462 381
386 40
52 378
180 118
58 409
379 356
228 263
363 106
203 439
193 353
396 22
211 301
92 205
396 261
44 87
52 247
468 27
361 141
282 111
190 74
478 166
427 212
207 3
364 287
292 25
237 119
90 424
11 126
224 159
367 394
22 205
157 460
37 453
232 151
453 208
280 433
59 247
326 3
365 235
365 359
57 318
371 269
93 207
108 81
106 409
273 105
306 270
109 249
267 65
345 64
464 312
390 319
77 378
190 310
383 330
432 68
369 290
367 272
318 217
95 71
277 24
398 47
6 410
315 177
311 118
396 71
198 319
418 206
25 89
383 84
254 90
82 329
452 295
91 83
92 475
453 101
212 230
149 282
223 370
329 403
426 170
111 354
114 170
447 281
378 124
18 309
452 339
91 105
358 310
315 446
230 240
327 9
6 428
176 352
227 17
318 42
123 427
110 332
147 233
347 285
63 276
333 348
22 155
192 14
270 466
395 103
121 255
368 211
412 194
418 192
435 429
471 190
470 54
155 82
357 189
346 224
215 478
164 312
3 466
321 33
184 361
13 104
313 63
464 161
149 253
229 185
139 54
409 322
260 284
182 83
456 396
334 339
427 472
138 82
71 86
42 249
337 250
479 153
470 69
107 463
8 289
479 392
44 152
238 280
32 58
139 466
404 109
439 264
208 13
432 151
86 141
130 412
259 291
206 154
442 411
475 224
478 332
77 341
124 293
102 417
445 97
375 243
79 453
480 94
392 21
304 316
45 431
379 19
146 270
46 57
308 294
343 427
344 8
416 347
376 419
330 214
89 114
92 267
220 287
416 223
85 379
196 298
20 357
195 18
197 428
212 326
366 303
17 470
205 247
45 387
79 241
221 105
358 362
468 201
457 447
197 225
453 253
112 75
5 295
206 216
386 270
243 448
173 132
306 177
210 157
75 51
461 346
263 159
391 352
343 271
205 369
358 449
234 476
203 419
233 201
118 460
197 457
323 384
229 10
65 194
265 428
409 440
74 308
212 35
134 351
239 418
381 3
162 437
433 115
234 411
57 8
48 267
3 311
189 129
178 376
442 22
194 336
19 256
422 388
372 398
457 388
418 57
268 113
139 22
68 396
206 379
247 455
356 127
305 315
423 83
246 86
160 462
446 281
372 279
228 159
122 123
394 16
26 329
335 60
176 433
239 469
186 72
93 302
406 28
358 342
264 165
89 4
350 225
270 342
409 427
395 428
335 463
293 420
160 105
346 170
188 75
278 226
145 196
236 132
366 198
57 254
50 46
369 196
296 274
238 51
367 467
406 14
106 118
401 452
397 22
120 213
29 407
284 95
178 431
131 175
108 251
71 104
448 65
423 378
267 248
350 318
291 121
415 297
317 144
427 449
276 460
298 52
225 290
64 303
157 39
40 456
242 61
428 11
371 228
53 214
9 225
107 474
456 270
130 211
336 85
52 265
411 251
384 31
5 430
325 468
244 113
26 315
213 91
13 285
92 84
346 285
372 369
110 35
219 477
45 15
164 60
448 244
289 322
358 23
19 217
412 433
424 337
241 399
25 373
407 22
406 60
324 316
338 94
30 122
323 158
41 74
461 341
195 324
84 240
352 237
434 102
157 346
460 201
2 175
464 150
462 87
103 386
53 156
14 57
160 218
329 378
385 387
369 209
64 137
208 40
190 62
380 186
59 42
139 135
243 201
369 20
39 168
128 255
1 244
228 472
258 277
205 65
160 168
425 314
300 14
233 59
386 365
454 361
119 68
434 471
462 29
131 348
287 181
272 435
18 322
267 94
252 360
214 74
422 88
258 418
393 4
411 55
285 73
441 92
21 165
141 313
457 124
102 155
94 466
465 100
437 154
417 84
139 66
129 69
447 319
22 219
233 201
231 154
348 327
334 91
16 188
321 82
198 78
309 141
250 10
322 167
170 461
179 26
234 298
341 305
103 113
304 32
265 151
283 454
102 238
420 199
71 150
339 41
137 9
248 20
72 311
31 255
437 104
193 173
87 84
56 167
58 227
184 433
464 373
26 421
283 120
404 327
354 68
239 431
204 316
352 279
359 279
102 457
347 233
419 36
161 359
366 259
37 257
415 193
456 201
250 422
432 449
383 323
211 10
362 1
235 399
357 369
390 32
297 418
123 189
213 30
331 244
142 429
42 122
313 125
329 24
382 229
179 80
363 452
294 199
319 87
349 195
54 453
367 387
215 271
61 379
169 165
39 42
215 306
43 140
226 22
467 236
259 2
191 143
430 466
384 32
261 27
182 151
392 387
438 113
417 438
305 427
178 123
240 40
384 400
225 196
295 275
187 429
107 243
213 362
244 479
253 12
478 72
230 335
222 322
210 171
22 192
337 300
153 332
342 243
456 320
369 455
361 219
283 247
292 458
390 381
425 142
299 48
39 364
360 105
15 47
371 281
121 161
114 209
80 51
96 427
265 221
336 42
198 115
181 327
151 258
353 131
114 41
420 408
300 419
202 197
253 246
415 225
259 6
258 67
459 211
291 242
146 28
41 104
355 287
187 478
267 477
399 3
56 206
441 357
95 299
449 260
215 135
368 392
180 436
37 168
469 141
461 48
407 175
63 27
141 176
132 32
343 205
148 197
465 237
365 389
143 117
178 201
102 38
30 334
98 306
123 191
459 400
243 344
274 11
245 203
477 117
342 411
383 352
94 73
403 40
468 131
398 237
244 227
224 240
368 88
240 177
475 289
87 460
296 313
330 332
300 234
100 123
204 388
220 336
310 242
316 204
246 265
387 366
96 325
351 197
271 274
106 178
263 393
441 291
47 89
378 166
418 179
390 7
467 259
261 284
206 336
474 41
178 122
394 114
228 98
71 177
234 147
92 450
297 261
443 131
420 355
143 378
93 79
241 44
310 397
403 375
107 86
346 318
341 325
232 197
381 131
18 240
288 299
456 366
416 124
426 231
81 103
196 11
450 432
243 249
321 16
320 170
234 184
450 466
40 108
402 218
419 245
7 382
169 32
458 381
83 410
294 279
204 449
139 272
331 355
265 122
380 411
144 298
169 211
363 358
472 267
243 343
397 253
241 238
200 292
215 434
62 127
117 380
421 44
408 189
33 447
288 48
224 201
153 454
88 108
369 431
287 108
302 159
174 248
212 164
324 303
282 156
350 136
177 247
151 100
62 241
195 91
300 3
327 58
333 23
189 476
141 440
22 80
130 281
371 307
427 48
190 186
233 121
39 69
388 301
233 431
458 216
318 243
261 236
449 308
243 278
299 187
26 177
395 233
293 136
345 10
328 462
426 78
56 466
297 265
256 33
385 169
387 331
64 454
132 440
254 49
247 79
462 457
9 127
440 386
233 129
428 449
447 134
239 384
41 247
174 258
190 158
273 70
350 319
182 28
377 97
358 208
398 145
62 35
439 404
120 5
378 78
422 317
452 93
165 53
336 248
322 110
383 138
369 84
179 205
263 167
304 190
418 48
116 117
388 67
444 198
301 89
26 8
411 173
418 385
165 242
137 32
55 14
49 428
175 210
247 63
205 157
430 150
100 378
317 215
195 415
199 34
192 305
14 396
108 193
49 341
359 65
176 240
280 169
95 346
37 369
305 184
45 176
116 145
465 440
112 66
144 440
196 300
199 98
252 58
17 359
327 52
362 55
337 239
189 47
390 121
373 298
283 299
223 397
462 444
312 410
132 473
170 26
321 30
324 416
157 333
177 307
140 240
393 136
57 119
266 160
38 398
237 441
295 340
129 232
294 423
112 324
371 293
279 348
263 172
37 350
297 29
463 212
180 416
60 400
25 158
329 93
357 96
366 292
272 247
390 241
347 477
6 306
328 300
394 166
191 175
459 314
349 402
379 315
450 397
267 405
38 281
466 4
121 122
477 236
367 369
137 291
406 252
353 225
115 399
172 49
228 45
169 463
464 231
92 188
326 100
435 236
25 234
347 78
361 150
451 68
348 387
243 275
449 316
286 42
406 169
468 476
462 175
407 260
458 161
16 416
203 27
128 458
440 352
112 426
47 25
215 166
293 68
357 5
455 2
198 160
302 131
388 377
35 297
26 69
34 471
280 208
233 82
387 369
423 473
62 108
217 335
69 423
70 356
86 193
392 47
38 237
350 154
352 39
305 230
30 445
114 169
103 216
284 36
150 397
362 456
424 239
32 98
88 466
466 294
448 254
258 42
11 125
243 120
102 62
322 302
436 95
215 22
368 470
453 131
39 335
426 209
281 46
417 335
461 466
405 430
429 66
24 281
460 282
479 54
115 17
83 104
13 433
153 178
89 470
331 84
63 185
357 224
326 198
274 124
250 469
439 92
434 103
1 376
339 353
449 9
454 107
2 136
456 265
333 83
41 419
407 465
412 472
382 226
339 284
315 41
123 314
199 155
81 330
240 388
298 207
229 163
206 227
462 335
289 83
299 394
409 207
37 283
51 232
338 62
82 257
404 223
410 316
249 19
110 437
147 464
28 33
408 329
109 443
370 226
382 82
302 224
438 135
341 402
87 224
341 384
286 386
407 382
362 191
355 310
305 290
109 416
100 99
404 383
288 219
249 380
140 344
52 212
84 56
135 361
456 172
438 374
148 369
474 213
433 218
411 438
117 422
316 258
461 288
250 75
8 348
418 200
306 437
424 41
186 356
135 311
390 29
90 439
317 27
386 297
332 252
113 460
74 452
473 219
102 111
246 171
409 411
155 10
428 210
476 62
319 133
411 387
366 327
69 80
68 300
430 428
383 207
372 32
223 127
149 269
115 268
398 188
272 333
21 337
463 338
348 260
154 464
26 246
163 362
454 171
74 475
62 243
458 124
110 218
124 370
89 275
22 174
176 168
16 241
339 297
205 28
349 261
173 101
4 92
372 56
29 141
449 224
171 71
425 110
399 20
66 60
116 319
303 233
168 370
23 428
378 268
192 388
417 240
129 284
107 92
156 465
195 140
97 421
141 317
310 247
41 26
347 359
374 458
118 62
227 285
28 284
201 66
293 397
213 388
305 146
1 329
199 94
213 261
22 240
378 51
14 132
291 72
257 86
142 306
333 177
62 463
181 288
214 56
228 52
310 229
422 284
113 215
121 133
100 311
12 183
264 151
213 350
364 396
466 187
233 343
480 241
68 114
246 80
383 294
155 180
275 326
471 475
28 124
234 462
94 390
263 357
65 22
302 375
177 3
221 15
459 106
382 456
300 105
176 396
61 448
302 353
239 177
294 362
39 279
300 68
235 143
5 441
14 462
23 12
43 308
202 294
239 461
261 58
165 21
120 167
2 210
39 103
215 294
8 39
146 388
454 201
97 229
419 336
27 216
143 56
35 292
195 137
389 26
368 24
86 286
139 256
480 319
442 203
395 70
164 75
254 119
383 314
476 239
272 398
249 217
237 479
103 454
476 380
24 194
211 30
228 267
110 36
