800 799 2000 1
1 2 1000
2 3 1000
3 4 1000
4 5 1000
5 6 1000
6 7 1000
7 8 1000
8 9 1000
9 10 1000
10 11 1000
11 12 1000
12 13 1000
13 14 1000
14 15 1000
15 16 1000
16 17 1000
17 18 1000
18 19 1000
19 20 1000
20 21 1000
21 22 1000
22 23 1000
23 24 1000
24 25 1000
25 26 1000
26 27 1000
27 28 1000
28 29 1000
29 30 1000
30 31 1000
31 32 1000
32 33 1000
33 34 1000
34 35 1000
35 36 1000
36 37 1000
37 38 1000
38 39 1000
39 40 1000
40 41 1000
41 42 1000
42 43 1000
43 44 1000
44 45 1000
45 46 1000
46 47 1000
47 48 1000
48 49 1000
49 50 1000
50 51 1000
51 52 1000
52 53 1000
53 54 1000
54 55 1000
55 56 1000
56 57 1000
57 58 1000
58 59 1000
59 60 1000
60 61 1000
61 62 1000
62 63 1000
63 64 1000
64 65 1000
65 66 1000
66 67 1000
67 68 1000
68 69 1000
69 70 1000
70 71 1000
71 72 1000
72 73 1000
73 74 1000
74 75 1000
75 76 1000
76 77 1000
77 78 1000
78 79 1000
79 80 1000
80 81 1000
81 82 1000
82 83 1000
83 84 1000
84 85 1000
85 86 1000
86 87 1000
87 88 1000
88 89 1000
89 90 1000
90 91 1000
91 92 1000
92 93 1000
93 94 1000
94 95 1000
95 96 1000
96 97 1000
97 98 1000
98 99 1000
99 100 1000
100 101 1000
101 102 1000
102 103 1000
103 104 1000
104 105 1000
105 106 1000
106 107 1000
107 108 1000
108 109 1000
109 110 1000
110 111 1000
111 112 1000
112 113 1000
113 114 1000
114 115 1000
115 116 1000
116 117 1000
117 118 1000
118 119 1000
119 120 1000
120 121 1000
121 122 1000
122 123 1000
123 124 1000
124 125 1000
125 126 1000
126 127 1000
127 128 1000
128 129 1000
129 130 1000
130 131 1000
131 132 1000
132 133 1000
133 134 1000
134 135 1000
135 136 1000
136 137 1000
137 138 1000
138 139 1000
139 140 1000
140 141 1000
141 142 1000
142 143 1000
143 144 1000
144 145 1000
145 146 1000
146 147 1000
147 148 1000
148 149 1000
149 150 1000
150 151 1000
151 152 1000
152 153 1000
153 154 1000
154 155 1000
155 156 1000
156 157 1000
157 158 1000
158 159 1000
159 160 1000
160 161 1000
161 162 1000
162 163 1000
163 164 1000
164 165 1000
165 166 1000
166 167 1000
167 168 1000
168 169 1000
169 170 1000
170 171 1000
171 172 1000
172 173 1000
173 174 1000
174 175 1000
175 176 1000
176 177 1000
177 178 1000
178 179 1000
179 180 1000
180 181 1000
181 182 1000
182 183 1000
183 184 1000
184 185 1000
185 186 1000
186 187 1000
187 188 1000
188 189 1000
189 190 1000
190 191 1000
191 192 1000
192 193 1000
193 194 1000
194 195 1000
195 196 1000
196 197 1000
197 198 1000
198 199 1000
199 200 1000
200 201 1000
201 202 1000
202 203 1000
203 204 1000
204 205 1000
205 206 1000
206 207 1000
207 208 1000
208 209 1000
209 210 1000
210 211 1000
211 212 1000
212 213 1000
213 214 1000
214 215 1000
215 216 1000
216 217 1000
217 218 1000
218 219 1000
219 220 1000
220 221 1000
221 222 1000
222 223 1000
223 224 1000
224 225 1000
225 226 1000
226 227 1000
227 228 1000
228 229 1000
229 230 1000
230 231 1000
231 232 1000
232 233 1000
233 234 1000
234 235 1000
235 236 1000
236 237 1000
237 238 1000
238 239 1000
239 240 1000
240 241 1000
241 242 1000
242 243 1000
243 244 1000
244 245 1000
245 246 1000
246 247 1000
247 248 1000
248 249 1000
249 250 1000
250 251 1000
251 252 1000
252 253 1000
253 254 1000
254 255 1000
255 256 1000
256 257 1000
257 258 1000
258 259 1000
259 260 1000
260 261 1000
261 262 1000
262 263 1000
263 264 1000
264 265 1000
265 266 1000
266 267 1000
267 268 1000
268 269 1000
269 270 1000
270 271 1000
271 272 1000
272 273 1000
273 274 1000
274 275 1000
275 276 1000
276 277 1000
277 278 1000
278 279 1000
279 280 1000
280 281 1000
281 282 1000
282 283 1000
283 284 1000
284 285 1000
285 286 1000
286 287 1000
287 288 1000
288 289 1000
289 290 1000
290 291 1000
291 292 1000
292 293 1000
293 294 1000
294 295 1000
295 296 1000
296 297 1000
297 298 1000
298 299 1000
299 300 1000
300 301 1000
301 302 1000
302 303 1000
303 304 1000
304 305 1000
305 306 1000
306 307 1000
307 308 1000
308 309 1000
309 310 1000
310 311 1000
311 312 1000
312 313 1000
313 314 1000
314 315 1000
315 316 1000
316 317 1000
317 318 1000
318 319 1000
319 320 1000
320 321 1000
321 322 1000
322 323 1000
323 324 1000
324 325 1000
325 326 1000
326 327 1000
327 328 1000
328 329 1000
329 330 1000
330 331 1000
331 332 1000
332 333 1000
333 334 1000
334 335 1000
335 336 1000
336 337 1000
337 338 1000
338 339 1000
339 340 1000
340 341 1000
341 342 1000
342 343 1000
343 344 1000
344 345 1000
345 346 1000
346 347 1000
347 348 1000
348 349 1000
349 350 1000
350 351 1000
351 352 1000
352 353 1000
353 354 1000
354 355 1000
355 356 1000
356 357 1000
357 358 1000
358 359 1000
359 360 1000
360 361 1000
361 362 1000
362 363 1000
363 364 1000
364 365 1000
365 366 1000
366 367 1000
367 368 1000
368 369 1000
369 370 1000
370 371 1000
371 372 1000
372 373 1000
373 374 1000
374 375 1000
375 376 1000
376 377 1000
377 378 1000
378 379 1000
379 380 1000
380 381 1000
381 382 1000
382 383 1000
383 384 1000
384 385 1000
385 386 1000
386 387 1000
387 388 1000
388 389 1000
389 390 1000
390 391 1000
391 392 1000
392 393 1000
393 394 1000
394 395 1000
395 396 1000
396 397 1000
397 398 1000
398 399 1000
399 400 1000
400 401 1000
401 402 1000
402 403 1000
403 404 1000
404 405 1000
405 406 1000
406 407 1000
407 408 1000
408 409 1000
409 410 1000
410 411 1000
411 412 1000
412 413 1000
413 414 1000
414 415 1000
415 416 1000
416 417 1000
417 418 1000
418 419 1000
419 420 1000
420 421 1000
421 422 1000
422 423 1000
423 424 1000
424 425 1000
425 426 1000
426 427 1000
427 428 1000
428 429 1000
429 430 1000
430 431 1000
431 432 1000
432 433 1000
433 434 1000
434 435 1000
435 436 1000
436 437 1000
437 438 1000
438 439 1000
439 440 1000
440 441 1000
441 442 1000
442 443 1000
443 444 1000
444 445 1000
445 446 1000
446 447 1000
447 448 1000
448 449 1000
449 450 1000
450 451 1000
451 452 1000
452 453 1000
453 454 1000
454 455 1000
455 456 1000
456 457 1000
457 458 1000
458 459 1000
459 460 1000
460 461 1000
461 462 1000
462 463 1000
463 464 1000
464 465 1000
465 466 1000
466 467 1000
467 468 1000
468 469 1000
469 470 1000
470 471 1000
471 472 1000
472 473 1000
473 474 1000
474 475 1000
475 476 1000
476 477 1000
477 478 1000
478 479 1000
479 480 1000
480 481 1000
481 482 1000
482 483 1000
483 484 1000
484 485 1000
485 486 1000
486 487 1000
487 488 1000
488 489 1000
489 490 1000
490 491 1000
491 492 1000
492 493 1000
493 494 1000
494 495 1000
495 496 1000
496 497 1000
497 498 1000
498 499 1000
499 500 1000
500 501 1000
501 502 1000
502 503 1000
503 504 1000
504 505 1000
505 506 1000
506 507 1000
507 508 1000
508 509 1000
509 510 1000
510 511 1000
511 512 1000
512 513 1000
513 514 1000
514 515 1000
515 516 1000
516 517 1000
517 518 1000
518 519 1000
519 520 1000
520 521 1000
521 522 1000
522 523 1000
523 524 1000
524 525 1000
525 526 1000
526 527 1000
527 528 1000
528 529 1000
529 530 1000
530 531 1000
531 532 1000
532 533 1000
533 534 1000
534 535 1000
535 536 1000
536 537 1000
537 538 1000
538 539 1000
539 540 1000
540 541 1000
541 542 1000
542 543 1000
543 544 1000
544 545 1000
545 546 1000
546 547 1000
547 548 1000
548 549 1000
549 550 1000
550 551 1000
551 552 1000
552 553 1000
553 554 1000
554 555 1000
555 556 1000
556 557 1000
557 558 1000
558 559 1000
559 560 1000
560 561 1000
561 562 1000
562 563 1000
563 564 1000
564 565 1000
565 566 1000
566 567 1000
567 568 1000
568 569 1000
569 570 1000
570 571 1000
571 572 1000
572 573 1000
573 574 1000
574 575 1000
575 576 1000
576 577 1000
577 578 1000
578 579 1000
579 580 1000
580 581 1000
581 582 1000
582 583 1000
583 584 1000
584 585 1000
585 586 1000
586 587 1000
587 588 1000
588 589 1000
589 590 1000
590 591 1000
591 592 1000
592 593 1000
593 594 1000
594 595 1000
595 596 1000
596 597 1000
597 598 1000
598 599 1000
599 600 1000
600 601 1000
601 602 1000
602 603 1000
603 604 1000
604 605 1000
605 606 1000
606 607 1000
607 608 1000
608 609 1000
609 610 1000
610 611 1000
611 612 1000
612 613 1000
613 614 1000
614 615 1000
615 616 1000
616 617 1000
617 618 1000
618 619 1000
619 620 1000
620 621 1000
621 622 1000
622 623 1000
623 624 1000
624 625 1000
625 626 1000
626 627 1000
627 628 1000
628 629 1000
629 630 1000
630 631 1000
631 632 1000
632 633 1000
633 634 1000
634 635 1000
635 636 1000
636 637 1000
637 638 1000
638 639 1000
639 640 1000
640 641 1000
641 642 1000
642 643 1000
643 644 1000
644 645 1000
645 646 1000
646 647 1000
647 648 1000
648 649 1000
649 650 1000
650 651 1000
651 652 1000
652 653 1000
653 654 1000
654 655 1000
655 656 1000
656 657 1000
657 658 1000
658 659 1000
659 660 1000
660 661 1000
661 662 1000
662 663 1000
663 664 1000
664 665 1000
665 666 1000
666 667 1000
667 668 1000
668 669 1000
669 670 1000
670 671 1000
671 672 1000
672 673 1000
673 674 1000
674 675 1000
675 676 1000
676 677 1000
677 678 1000
678 679 1000
679 680 1000
680 681 1000
681 682 1000
682 683 1000
683 684 1000
684 685 1000
685 686 1000
686 687 1000
687 688 1000
688 689 1000
689 690 1000
690 691 1000
691 692 1000
692 693 1000
693 694 1000
694 695 1000
695 696 1000
696 697 1000
697 698 1000
698 699 1000
699 700 1000
700 701 1000
701 702 1000
702 703 1000
703 704 1000
704 705 1000
705 706 1000
706 707 1000
707 708 1000
708 709 1000
709 710 1000
710 711 1000
711 712 1000
712 713 1000
713 714 1000
714 715 1000
715 716 1000
716 717 1000
717 718 1000
718 719 1000
719 720 1000
720 721 1000
721 722 1000
722 723 1000
723 724 1000
724 725 1000
725 726 1000
726 727 1000
727 728 1000
728 729 1000
729 730 1000
730 731 1000
731 732 1000
732 733 1000
733 734 1000
734 735 1000
735 736 1000
736 737 1000
737 738 1000
738 739 1000
739 740 1000
740 741 1000
741 742 1000
742 743 1000
743 744 1000
744 745 1000
745 746 1000
746 747 1000
747 748 1000
748 749 1000
749 750 1000
750 751 1000
751 752 1000
752 753 1000
753 754 1000
754 755 1000
755 756 1000
756 757 1000
757 758 1000
758 759 1000
759 760 1000
760 761 1000
761 762 1000
762 763 1000
763 764 1000
764 765 1000
765 766 1000
766 767 1000
767 768 1000
768 769 1000
769 770 1000
770 771 1000
771 772 1000
772 773 1000
773 774 1000
774 775 1000
775 776 1000
776 777 1000
777 778 1000
778 779 1000
779 780 1000
780 781 1000
781 782 1000
782 783 1000
783 784 1000
784 785 1000
785 786 1000
786 787 1000
787 788 1000
788 789 1000
789 790 1000
790 791 1000
791 792 1000
792 793 1000
793 794 1000
794 795 1000
795 796 1000
796 797 1000
797 798 1000
798 799 1000
799 800 1000
1 800
1 800
1 800
1 800
1 800
1 800
1 800
1 800
1 800
1 800
1 800
1 800
1 800
1 800
1 800
1 800
1 800
1 800
1 800
1 800
1 800
1 800
1 800
1 800
1 800
1 800
1 800
1 800
1 800
1 800
1 800
1 800
1 800
1 800
1 800
1 800
1 800
1 800
1 800
1 800
1 800
1 800
1 800
1 800
1 800
1 800
1 800
1 800
1 800
1 800
1 800
1 800
1 800
1 800
1 800
1 800
1 800
1 800
1 800
1 800
1 800
1 800
1 800
1 800
1 800
1 800
1 800
1 800
1 800
1 800
1 800
1 800
1 800
1 800
1 800
1 800
1 800
1 800
1 800
1 800
1 800
1 800
1 800
1 800
1 800
1 800
1 800
1 800
1 800
1 800
1 800
1 800
1 800
1 800
1 800
1 800
1 800
1 800
1 800
1 800
1 800
1 800
1 800
1 800
1 800
1 800
1 800
1 800
1 800
1 800
1 800
1 800
1 800
1 800
1 800
1 800
1 800
1 800
1 800
1 800
1 800
1 800
1 800
1 800
1 800
1 800
1 800
1 800
1 800
1 800
1 800
1 800
1 800
1 800
1 800
1 800
1 800
1 800
1 800
1 800
1 800
1 800
1 800
1 800
1 800
1 800
1 800
1 800
1 800
1 800
1 800
1 800
1 800
1 800
1 800
1 800
1 800
1 800
1 800
1 800
1 800
1 800
1 800
1 800
1 800
1 800
1 800
1 800
1 800
1 800
1 800
1 800
1 800
1 800
1 800
1 800
1 800
1 800
1 800
1 800
1 800
1 800
1 800
1 800
1 800
1 800
1 800
1 800
1 800
1 800
1 800
1 800
1 800
1 800
1 800
1 800
1 800
1 800
1 800
1 800
1 800
1 800
1 800
1 800
1 800
1 800
1 800
1 800
1 800
1 800
1 800
1 800
1 800
1 800
1 800
1 800
1 800
1 800
1 800
1 800
1 800
1 800
1 800
1 800
1 800
1 800
1 800
1 800
1 800
1 800
1 800
1 800
1 800
1 800
1 800
1 800
1 800
1 800
1 800
1 800
1 800
1 800
1 800
1 800
1 800
1 800
1 800
1 800
1 800
1 800
1 800
1 800
1 800
1 800
1 800
1 800
1 800
1 800
1 800
1 800
1 800
1 800
1 800
1 800
1 800
1 800
1 800
1 800
1 800
1 800
1 800
1 800
1 800
1 800
1 800
1 800
1 800
1 800
1 800
1 800
1 800
1 800
1 800
1 800
1 800
1 800
1 800
1 800
1 800
1 800
1 800
1 800
1 800
1 800
1 800
1 800
1 800
1 800
1 800
1 800
1 800
1 800
1 800
1 800
1 800
1 800
1 800
1 800
1 800
1 800
1 800
1 800
1 800
1 800
1 800
1 800
1 800
1 800
1 800
1 800
1 800
1 800
1 800
1 800
1 800
1 800
1 800
1 800
1 800
1 800
1 800
1 800
1 800
1 800
1 800
1 800
1 800
1 800
1 800
1 800
1 800
1 800
1 800
1 800
1 800
1 800
1 800
1 800
1 800
1 800
1 800
1 800
1 800
1 800
1 800
1 800
1 800
1 800
1 800
1 800
1 800
1 800
1 800
1 800
1 800
1 800
1 800
1 800
1 800
1 800
1 800
1 800
1 800
1 800
1 800
1 800
1 800
1 800
1 800
1 800
1 800
1 800
1 800
1 800
1 800
1 800
1 800
1 800
1 800
1 800
1 800
1 800
1 800
1 800
1 800
1 800
1 800
1 800
1 800
1 800
1 800
1 800
1 800
1 800
1 800
1 800
1 800
1 800
1 800
1 800
1 800
1 800
1 800
1 800
1 800
1 800
1 800
1 800
1 800
1 800
1 800
1 800
1 800
1 800
1 800
1 800
1 800
1 800
1 800
1 800
1 800
1 800
1 800
1 800
1 800
1 800
1 800
1 800
1 800
1 800
1 800
1 800
1 800
1 800
1 800
1 800
1 800
1 800
1 800
1 800
1 800
1 800
1 800
1 800
1 800
1 800
1 800
1 800
1 800
1 800
1 800
1 800
1 800
1 800
1 800
1 800
1 800
1 800
1 800
1 800
1 800
1 800
1 800
1 800
1 800
1 800
1 800
1 800
1 800
1 800
1 800
1 800
1 800
1 800
1 800
1 800
1 800
1 800
1 800
1 800
1 800
1 800
1 800
1 800
1 800
1 800
1 800
1 800
1 800
1 800
1 800
1 800
1 800
1 800
1 800
1 800
1 800
1 800
1 800
1 800
1 800
1 800
1 800
1 800
1 800
1 800
1 800
1 800
1 800
1 800
1 800
1 800
1 800
1 800
1 800
1 800
1 800
1 800
1 800
1 800
1 800
1 800
1 800
1 800
1 800
1 800
1 800
1 800
1 800
1 800
1 800
1 800
1 800
1 800
1 800
1 800
1 800
1 800
1 800
1 800
1 800
1 800
1 800
1 800
1 800
1 800
1 800
1 800
1 800
1 800
1 800
1 800
1 800
1 800
1 800
1 800
1 800
1 800
1 800
1 800
1 800
1 800
1 800
1 800
1 800
1 800
1 800
1 800
1 800
1 800
1 800
1 800
1 800
1 800
1 800
1 800
1 800
1 800
1 800
1 800
1 800
1 800
1 800
1 800
1 800
1 800
1 800
1 800
1 800
1 800
1 800
1 800
1 800
1 800
1 800
1 800
1 800
1 800
1 800
1 800
1 800
1 800
1 800
1 800
1 800
1 800
1 800
1 800
1 800
1 800
1 800
1 800
1 800
1 800
1 800
1 800
1 800
1 800
1 800
1 800
1 800
1 800
1 800
1 800
1 800
1 800
1 800
1 800
1 800
1 800
1 800
1 800
1 800
1 800
1 800
1 800
1 800
1 800
1 800
1 800
1 800
1 800
1 800
1 800
1 800
1 800
1 800
1 800
1 800
1 800
1 800
1 800
1 800
1 800
1 800
1 800
1 800
1 800
1 800
1 800
1 800
1 800
1 800
1 800
1 800
1 800
1 800
1 800
1 800
1 800
1 800
1 800
1 800
1 800
1 800
1 800
1 800
1 800
1 800
1 800
1 800
1 800
1 800
1 800
1 800
1 800
1 800
1 800
1 800
1 800
1 800
1 800
1 800
1 800
1 800
1 800
1 800
1 800
1 800
1 800
1 800
1 800
1 800
1 800
1 800
1 800
1 800
1 800
1 800
1 800
1 800
1 800
1 800
1 800
1 800
1 800
1 800
1 800
1 800
1 800
1 800
1 800
1 800
1 800
1 800
1 800
1 800
1 800
1 800
1 800
1 800
1 800
1 800
1 800
1 800
1 800
1 800
1 800
1 800
1 800
1 800
1 800
1 800
1 800
1 800
1 800
1 800
1 800
1 800
1 800
1 800
1 800
1 800
1 800
1 800
1 800
1 800
1 800
1 800
1 800
1 800
1 800
1 800
1 800
1 800
1 800
1 800
1 800
1 800
1 800
1 800
1 800
1 800
1 800
1 800
1 800
1 800
1 800
1 800
1 800
1 800
1 800
1 800
1 800
1 800
1 800
1 800
1 800
1 800
1 800
1 800
1 800
1 800
1 800
1 800
1 800
1 800
1 800
1 800
1 800
1 800
1 800
1 800
1 800
1 800
1 800
1 800
1 800
1 800
1 800
1 800
1 800
1 800
1 800
1 800
1 800
1 800
1 800
1 800
1 800
1 800
1 800
1 800
1 800
1 800
1 800
1 800
1 800
1 800
1 800
1 800
1 800
1 800
1 800
1 800
1 800
1 800
1 800
1 800
1 800
1 800
1 800
1 800
1 800
1 800
1 800
1 800
1 800
1 800
1 800
1 800
1 800
1 800
1 800
1 800
1 800
1 800
1 800
1 800
1 800
1 800
1 800
1 800
1 800
1 800
1 800
1 800
1 800
1 800
1 800
1 800
1 800
1 800
1 800
1 800
1 800
1 800
1 800
1 800
1 800
1 800
1 800
1 800
1 800
1 800
1 800
1 800
1 800
1 800
1 800
1 800
1 800
1 800
1 800
1 800
1 800
1 800
1 800
1 800
1 800
1 800
1 800
1 800
1 800
1 800
1 800
1 800
1 800
1 800
1 800
1 800
1 800
1 800
1 800
1 800
1 800
1 800
1 800
1 800
1 800
1 800
1 800
1 800
1 800
1 800
1 800
1 800
1 800
1 800
1 800
1 800
1 800
1 800
1 800
1 800
1 800
1 800
1 800
1 800
1 800
1 800
1 800
1 800
1 800
1 800
1 800
1 800
1 800
1 800
1 800
1 800
1 800
1 800
1 800
1 800
1 800
1 800
1 800
1 800
1 800
1 800
1 800
1 800
1 800
1 800
1 800
1 800
1 800
1 800
1 800
1 800
1 800
1 800
1 800
1 800
1 800
1 800
1 800
1 800
1 800
1 800
1 800
1 800
1 800
1 800
1 800
1 800
1 800
1 800
1 800
1 800
1 800
1 800
1 800
1 800
1 800
1 800
1 800
1 800
1 800
1 800
1 800
1 800
1 800
1 800
1 800
1 800
1 800
1 800
1 800
1 800
1 800
1 800
1 800
1 800
1 800
1 800
1 800
1 800
1 800
1 800
1 800
1 800
1 800
1 800
1 800
1 800
1 800
1 800
1 800
1 800
1 800
1 800
1 800
1 800
1 800
1 800
1 800
1 800
1 800
1 800
1 800
1 800
1 800
1 800
1 800
1 800
1 800
1 800
1 800
1 800
1 800
1 800
1 800
1 800
1 800
1 800
1 800
1 800
1 800
1 800
1 800
1 800
1 800
1 800
1 800
1 800
1 800
1 800
1 800
1 800
1 800
1 800
1 800
1 800
1 800
1 800
1 800
1 800
1 800
1 800
1 800
1 800
1 800
1 800
1 800
1 800
1 800
1 800
1 800
1 800
1 800
1 800
1 800
1 800
1 800
1 800
1 800
1 800
1 800
1 800
1 800
1 800
1 800
1 800
1 800
1 800
1 800
1 800
1 800
1 800
1 800
1 800
1 800
1 800
1 800
1 800
1 800
1 800
1 800
1 800
1 800
1 800
1 800
1 800
1 800
1 800
1 800
1 800
1 800
1 800
1 800
1 800
1 800
1 800
1 800
1 800
1 800
1 800
1 800
1 800
1 800
1 800
1 800
1 800
1 800
1 800
1 800
1 800
1 800
1 800
1 800
1 800
1 800
1 800
1 800
1 800
1 800
1 800
1 800
1 800
1 800
1 800
1 800
1 800
1 800
1 800
1 800
1 800
1 800
1 800
1 800
1 800
1 800
1 800
1 800
1 800
1 800
1 800
1 800
1 800
1 800
1 800
1 800
1 800
1 800
1 800
1 800
1 800
1 800
1 800
1 800
1 800
1 800
1 800
1 800
1 800
1 800
1 800
1 800
1 800
1 800
1 800
1 800
1 800
1 800
1 800
1 800
1 800
1 800
1 800
1 800
1 800
1 800
1 800
1 800
1 800
1 800
1 800
1 800
1 800
1 800
1 800
1 800
1 800
1 800
1 800
1 800
1 800
1 800
1 800
1 800
1 800
1 800
1 800
1 800
1 800
1 800
1 800
1 800
1 800
1 800
1 800
1 800
1 800
1 800
1 800
1 800
1 800
1 800
1 800
1 800
1 800
1 800
1 800
1 800
1 800
1 800
1 800
1 800
1 800
1 800
1 800
1 800
1 800
1 800
1 800
1 800
1 800
1 800
1 800
1 800
1 800
1 800
1 800
1 800
1 800
1 800
1 800
1 800
1 800
1 800
1 800
1 800
1 800
1 800
1 800
1 800
1 800
1 800
1 800
1 800
1 800
1 800
1 800
1 800
1 800
1 800
1 800
1 800
1 800
1 800
1 800
1 800
1 800
1 800
1 800
1 800
1 800
1 800
1 800
1 800
1 800
1 800
1 800
1 800
1 800
1 800
1 800
1 800
1 800
1 800
1 800
1 800
1 800
1 800
1 800
1 800
1 800
1 800
1 800
1 800
1 800
1 800
1 800
1 800
1 800
1 800
1 800
1 800
1 800
1 800
1 800
1 800
1 800
1 800
1 800
1 800
1 800
1 800
1 800
1 800
1 800
1 800
1 800
1 800
1 800
1 800
1 800
1 800
1 800
1 800
1 800
1 800
1 800
1 800
1 800
1 800
1 800
1 800
1 800
1 800
1 800
1 800
1 800
1 800
1 800
1 800
1 800
1 800
1 800
1 800
1 800
1 800
1 800
1 800
1 800
1 800
1 800
1 800
1 800
1 800
1 800
1 800
1 800
1 800
1 800
1 800
1 800
1 800
1 800
1 800
1 800
1 800
1 800
1 800
1 800
1 800
1 800
1 800
1 800
1 800
1 800
1 800
1 800
1 800
1 800
1 800
1 800
1 800
1 800
1 800
1 800
1 800
1 800
1 800
1 800
1 800
1 800
1 800
1 800
1 800
1 800
1 800
1 800
1 800
1 800
1 800
1 800
1 800
1 800
1 800
1 800
1 800
1 800
1 800
1 800
1 800
1 800
1 800
1 800
1 800
1 800
1 800
1 800
1 800
1 800
1 800
1 800
1 800
1 800
1 800
1 800
1 800
1 800
1 800
1 800
1 800
1 800
1 800
1 800
1 800
1 800
1 800
1 800
1 800
1 800
1 800
1 800
1 800
1 800
1 800
1 800
1 800
1 800
1 800
1 800
1 800
1 800
1 800
1 800
1 800
1 800
1 800
1 800
1 800
1 800
1 800
1 800
1 800
1 800
1 800
1 800
1 800
1 800
1 800
1 800
1 800
1 800
1 800
1 800
1 800
1 800
1 800
1 800
1 800
1 800
1 800
1 800
1 800
1 800
1 800
1 800
1 800
1 800
1 800
1 800
1 800
1 800
1 800
1 800
1 800
1 800
1 800
1 800
1 800
1 800
1 800
1 800
1 800
1 800
1 800
1 800
1 800
1 800
1 800
1 800
1 800
1 800
1 800
1 800
1 800
1 800
1 800
1 800
1 800
1 800
1 800
1 800
1 800
1 800
1 800
1 800
1 800
1 800
1 800
1 800
1 800
1 800
1 800
1 800
1 800
1 800
1 800
1 800
1 800
1 800
1 800
1 800
1 800
1 800
1 800
1 800
1 800
1 800
1 800
1 800
1 800
1 800
1 800
1 800
1 800
1 800
1 800
1 800
1 800
1 800
1 800
1 800
1 800
1 800
1 800
1 800
1 800
1 800
1 800
1 800
1 800
1 800
1 800
1 800
1 800
1 800
1 800
1 800
1 800
1 800
1 800
1 800
1 800
1 800
1 800
1 800
1 800
1 800
1 800
1 800
1 800
1 800
1 800
1 800
1 800
1 800
1 800
1 800
1 800
1 800
1 800
1 800
1 800
1 800
1 800
1 800
1 800
1 800
1 800
1 800
1 800
1 800
1 800
1 800
1 800
1 800
1 800
1 800
1 800
1 800
1 800
1 800
1 800
1 800
1 800
1 800
1 800
1 800
1 800
1 800
1 800
1 800
1 800
1 800
1 800
1 800
1 800
1 800
1 800
1 800
1 800
1 800
1 800
1 800
1 800
1 800
1 800
1 800
1 800
1 800
1 800
1 800
1 800
1 800
1 800
1 800
1 800
1 800
1 800
1 800
1 800
1 800
1 800
1 800
1 800
1 800
1 800
1 800
1 800
1 800
1 800
1 800
1 800
1 800
1 800
1 800
1 800
1 800
1 800
1 800
1 800
1 800
1 800
1 800
1 800
1 800
1 800
1 800
1 800
1 800
1 800
1 800
1 800
1 800
1 800
1 800
1 800
1 800
1 800
1 800
1 800
1 800
1 800
1 800
1 800
1 800
1 800
1 800
1 800
1 800
1 800
1 800
1 800
1 800
1 800
1 800
1 800
1 800
1 800
1 800
1 800
1 800
1 800
1 800
1 800
1 800
1 800
1 800
1 800
1 800
1 800
1 800
1 800
1 800
1 800
1 800
1 800
1 800
1 800
1 800
1 800
1 800
1 800
1 800
1 800
1 800
1 800
1 800
1 800
1 800
1 800
1 800
1 800
1 800
1 800
1 800
1 800
1 800
1 800
1 800
1 800
1 800
1 800
1 800
1 800
1 800
1 800
1 800
1 800
1 800
1 800
1 800
1 800
1 800
1 800
1 800
1 800
1 800
1 800
1 800
1 800
1 800
1 800
1 800
1 800
1 800
1 800
1 800
1 800
1 800
1 800
1 800
1 800
1 800
1 800
1 800
1 800
1 800
1 800
1 800
1 800
1 800
1 800
1 800
1 800
1 800
1 800
1 800
1 800
1 800
1 800
1 800
1 800
1 800
1 800
1 800
1 800
1 800
1 800
1 800
1 800
1 800
1 800
1 800
1 800
1 800
1 800
1 800
1 800
1 800
1 800
1 800
1 800
1 800
1 800
1 800
1 800
1 800
1 800
1 800
1 800
1 800
1 800
1 800
1 800
1 800
1 800
1 800
1 800
1 800
1 800
1 800
1 800
1 800
1 800
1 800
1 800
1 800
1 800
1 800
1 800
1 800
1 800
1 800
1 800
1 800
1 800
1 800
1 800
1 800
1 800
1 800
1 800
1 800
1 800
1 800
1 800
1 800
1 800
1 800
1 800
1 800
1 800
1 800
1 800
1 800
1 800
1 800
1 800
1 800
1 800
1 800
1 800
1 800
1 800
1 800
1 800
1 800
1 800
1 800
1 800
1 800
1 800
1 800
1 800
1 800
1 800
1 800
1 800
1 800
1 800
1 800
1 800
1 800
1 800
1 800
1 800
1 800
1 800
1 800
1 800
1 800
1 800
1 800
1 800
1 800
1 800
1 800
1 800
1 800
1 800
1 800
1 800
1 800
1 800
1 800
1 800
1 800
1 800
1 800
1 800
1 800
1 800
1 800
1 800
1 800
1 800
1 800
1 800
1 800
1 800
1 800
1 800
