800 800 2000 761
460 287 934
200 396 798
683 745 418
506 730 122
551 617 262
792 58 218
457 493 934
55 529 622
785 736 261
782 765 272
629 20 680
208 677 362
426 134 879
51 414 995
494 166 334
725 156 475
760 482 194
572 153 624
391 293 502
692 125 191
772 261 318
796 261 99
155 620 939
495 447 827
211 753 698
564 291 204
526 573 612
443 322 190
301 107 953
567 360 295
581 636 511
103 751 633
293 72 270
253 264 936
463 608 148
414 314 167
692 150 623
548 211 652
747 85 545
383 41 183
790 563 319
647 102 289
544 798 897
415 334 95
787 771 817
456 485 258
300 47 810
784 399 779
206 241 989
577 386 960
8 155 976
2 500 235
61 255 629
600 268 351
443 159 817
601 56 524
423 300 507
30 160 807
582 19 430
557 732 884
591 360 395
350 505 424
89 193 5
618 783 618
23 429 140
380 682 977
521 414 856
619 40 125
297 628 250
686 788 974
502 432 35
60 304 277
378 486 533
95 193 262
325 73 127
83 260 998
435 174 206
648 298 215
417 753 590
650 293 525
708 525 83
384 100 828
194 397 217
31 723 204
722 461 883
347 191 469
285 673 529
282 48 510
601 406 390
43 117 511
316 563 983
203 24 358
495 365 700
519 327 844
619 303 384
26 605 662
232 254 341
710 69 689
780 620 216
141 42 161
780 441 151
699 167 880
139 537 998
270 377 404
641 326 785
213 407 68
561 248 190
584 335 832
370 644 845
764 246 21
495 218 793
675 637 800
436 57 441
615 435 615
111 700 447
37 489 394
315 37 487
101 642 965
672 610 685
647 123 157
162 196 323
35 66 186
7 677 563
352 428 302
670 564 287
24 397 783
617 677 182
142 147 524
228 424 147
47 227 949
289 162 238
415 302 723
240 330 549
316 32 933
480 473 302
270 498 539
604 554 895
348 660 294
622 695 22
347 538 279
243 604 653
759 632 420
4 723 437
718 721 568
542 791 535
358 441 164
531 770 910
515 511 709
122 628 204
82 180 45
396 15 394
267 381 903
504 744 568
415 393 220
726 210 719
492 699 232
742 462 951
88 341 969
35 765 938
562 225 494
189 366 741
508 491 315
255 366 431
639 136 265
195 356 994
249 556 607
255 248 464
629 680 568
567 433 738
249 54 832
448 655 824
101 784 68
155 57 854
129 171 961
291 298 29
368 180 837
580 277 630
248 121 349
669 763 115
382 795 306
248 526 806
530 784 768
539 323 652
347 542 202
256 283 754
800 43 904
49 545 395
764 412 440
689 221 819
765 627 484
122 436 381
714 642 330
354 729 171
500 157 431
340 142 622
461 719 701
154 90 227
800 474 500
554 73 59
739 412 927
124 240 102
769 546 835
481 169 527
460 681 78
164 653 259
79 544 904
30 183 963
487 128 850
408 618 258
278 76 999
625 319 634
51 513 210
658 564 539
310 374 422
83 505 633
270 736 137
87 73 810
154 248 778
609 569 913
83 702 230
320 453 542
508 779 182
45 679 626
430 346 252
207 620 89
44 754 967
481 691 185
67 232 37
627 569 345
461 58 138
239 536 855
274 164 994
501 456 891
789 445 230
111 30 856
520 210 24
240 296 9
562 82 934
767 214 149
243 594 820
443 491 264
397 525 170
449 472 642
783 304 510
39 76 763
231 400 334
556 456 622
757 283 425
39 609 316
27 167 365
552 458 441
659 131 598
734 695 650
784 586 393
62 755 506
400 597 763
377 468 350
774 746 7
795 372 290
640 431 887
339 500 555
492 276 518
523 689 611
674 647 877
778 401 41
439 350 905
547 156 712
317 170 930
667 418 760
256 631 325
436 398 826
709 124 796
401 634 600
111 223 251
115 549 600
232 285 178
109 425 781
219 436 254
629 485 152
141 43 369
290 268 955
390 663 97
98 79 285
207 451 956
168 270 931
420 44 146
517 391 148
781 86 799
581 277 243
765 354 990
508 215 827
28 275 152
412 159 631
588 342 445
615 95 186
264 444 137
237 378 218
636 779 529
395 422 876
136 696 717
557 577 137
53 15 816
1 572 596
631 134 880
586 697 863
496 241 963
665 252 427
596 377 453
238 568 911
340 652 588
753 629 396
583 692 163
694 158 356
578 47 297
549 492 917
791 181 111
565 174 395
540 765 637
473 450 988
63 550 732
785 602 2
675 459 436
185 741 528
480 78 514
539 175 336
533 498 52
378 332 379
374 660 21
3 484 610
330 606 684
560 759 96
421 764 355
128 230 35
423 492 604
67 769 287
601 377 490
278 95 632
393 539 945
213 189 829
442 109 659
624 479 212
639 229 669
487 454 997
452 23 588
289 772 513
796 727 189
448 485 155
406 402 75
537 69 216
444 499 639
77 691 671
20 489 70
741 336 17
406 461 654
372 180 165
273 215 268
245 541 816
381 540 123
78 316 522
636 433 776
511 361 617
66 473 444
780 274 618
298 102 21
321 27 812
176 3 630
144 661 132
721 795 970
538 284 821
133 672 167
171 507 742
387 456 292
784 78 869
549 219 910
782 118 528
560 452 133
4 192 384
542 494 411
508 294 374
704 289 212
613 137 86
583 654 799
699 52 591
376 446 492
348 76 648
585 137 620
599 565 420
15 346 832
548 226 345
490 116 629
331 528 1000
234 301 623
461 373 423
662 84 76
353 297 22
763 348 24
773 479 478
160 442 126
462 84 232
202 598 646
269 14 151
523 517 52
10 779 720
62 656 207
435 59 547
279 193 353
309 79 532
612 108 374
138 684 174
601 623 933
460 240 947
538 309 3
182 140 290
53 304 161
432 677 413
276 750 153
197 404 94
694 451 869
130 371 518
415 346 632
782 413 624
489 708 920
40 92 331
520 604 36
518 768 294
90 135 784
566 712 588
218 91 956
134 162 956
758 467 698
698 352 221
24 788 751
684 250 5
457 586 168
162 686 455
388 167 731
534 145 905
526 391 29
572 773 300
81 642 665
411 368 812
784 578 217
91 175 4
69 580 70
589 268 670
217 486 280
188 430 306
568 362 784
85 200 97
125 302 930
36 294 83
36 669 105
601 179 82
165 233 759
711 95 921
760 693 487
572 676 10
665 219 566
680 633 35
335 549 295
25 727 736
555 249 211
403 78 623
105 332 601
461 565 112
798 366 194
728 269 218
157 51 768
175 708 304
611 493 348
316 315 762
478 54 284
20 163 886
696 445 225
243 624 32
715 765 910
551 734 626
507 618 646
780 689 2
708 663 528
518 753 443
503 480 512
533 509 744
476 284 763
141 665 715
333 456 852
611 652 703
115 2 487
280 337 583
510 75 112
749 501 951
291 372 753
269 253 869
510 275 708
189 595 930
780 502 84
119 199 403
18 745 277
679 687 73
113 610 395
187 568 728
605 269 793
382 570 843
44 705 290
676 788 451
446 541 739
618 199 267
448 288 355
114 23 386
22 634 718
800 720 272
175 679 322
330 616 27
373 395 267
46 243 706
374 149 922
247 577 938
60 691 239
756 225 689
617 459 126
724 511 495
603 440 857
295 321 94
401 53 206
649 569 258
260 320 998
112 661 615
368 595 543
442 757 764
324 351 618
515 319 587
673 326 241
387 380 618
389 620 26
79 400 794
248 429 15
784 709 199
605 452 972
343 95 580
496 336 668
588 668 115
329 207 670
62 449 127
97 633 90
608 357 417
752 119 995
183 285 108
263 209 89
404 265 705
549 437 715
647 740 825
708 170 406
7 733 586
694 307 832
259 607 459
235 617 114
553 247 778
444 527 820
583 760 261
461 431 957
480 488 411
317 62 222
299 141 365
36 748 377
580 453 655
80 738 842
268 47 101
614 275 27
479 369 528
683 140 297
108 613 692
44 608 6
151 631 22
220 753 244
214 718 18
621 555 889
510 74 881
728 379 545
467 246 32
241 308 122
34 241 256
439 420 345
742 296 88
354 311 484
671 589 658
405 410 616
104 266 257
225 96 977
151 745 990
6 237 533
230 247 494
133 564 548
775 492 62
283 105 434
595 275 915
128 178 671
703 414 494
420 328 780
571 578 227
70 764 184
309 496 994
238 335 468
516 55 431
717 321 676
356 55 98
631 242 362
579 193 508
236 227 132
33 520 356
257 513 670
434 275 226
564 312 120
345 354 109
19 503 744
172 630 628
498 327 291
595 64 940
452 80 515
115 272 386
475 594 437
250 35 448
648 71 246
100 121 432
331 596 301
598 708 469
116 540 767
283 38 582
786 247 102
235 234 173
645 280 665
687 195 793
684 137 37
361 255 755
178 241 711
245 22 720
543 204 735
688 176 111
561 29 18
667 153 582
475 664 408
651 126 626
94 684 508
208 156 644
143 774 837
504 798 791
344 546 302
703 685 293
92 422 838
50 791 785
41 212 936
170 588 452
244 211 491
99 693 743
144 289 630
467 730 226
796 771 694
385 182 593
305 31 107
543 756 205
404 752 574
128 690 428
428 170 999
258 564 573
212 171 491
254 723 871
280 22 257
42 644 531
766 248 54
680 224 2
104 359 451
778 630 493
286 671 439
262 745 247
336 341 108
454 696 174
575 133 112
144 364 590
465 219 448
108 371 754
390 470 792
63 640 741
223 781 343
712 178 754
284 216 19
146 399 987
137 603 458
587 265 891
34 593 921
404 545 10
666 553 458
681 688 820
61 259 231
343 318 102
592 387 750
651 587 829
633 534 641
424 74 927
708 392 300
711 351 516
330 427 926
481 559 450
571 359 832
26 643 372
513 574 690
762 431 579
529 512 949
531 586 814
38 576 293
96 761 835
769 201 441
41 524 788
11 526 355
297 477 715
306 93 699
450 497 65
198 55 922
538 5 195
179 552 764
751 602 784
120 503 916
349 115 528
126 209 964
152 295 817
758 678 122
735 391 481
626 379 763
331 416 657
306 607 828
635 536 229
409 414 953
103 9 932
419 195 570
135 438 96
346 774 607
646 552 58
558 639 475
239 433 812
797 257 974
772 776 596
356 13 123
324 405 178
177 178 691
701 546 269
375 283 346
762 522 364
259 363 525
148 65 213
218 716 243
695 106 271
360 469 84
321 514 818
590 110 981
296 12 702
737 510 210
436 731 82
649 464 934
153 466 281
549 222 465
367 490 986
184 143 353
225 131 156
770 68 798
355 107 636
483 757 94
48 367 960
54 233 921
724 707 774
455 561 336
292 156 299
542 532 486
744 338 895
477 65 952
17 526 842
33 799 824
119 127 967
251 350 672
471 51 15
590 20 821
393 190 839
379 777 876
298 173 857
743 474 97
186 665 403
706 268 42
224 713 722
132 69 302
708 793 108
794 422 914
313 573 885
39 638 301
161 88 123
208 535 321
315 21 76
271 401 24
542 657 215
16 444 80
281 418 712
279 205 671
209 394 375
250 156 492
484 266
270 573
52 147
171 471
781 43
330 69
35 319
360 24
403 25
450 346
568 8
264 418
289 235
416 101
670 389
578 569
361 639
767 192
234 582
76 715
605 46
213 786
783 604
586 58
477 685
350 258
623 67
676 371
672 67
496 373
378 368
118 690
388 148
532 505
678 267
380 1
199 703
591 325
742 171
36 128
786 389
441 651
18 725
23 483
562 241
696 558
258 369
108 460
460 46
765 278
278 588
239 95
3 91
301 320
286 218
291 583
29 627
440 125
504 201
259 443
33 129
169 489
793 122
79 40
624 588
240 350
293 183
525 786
561 617
587 666
204 705
794 643
163 564
253 353
798 376
481 305
27 457
301 610
183 504
302 776
301 504
347 322
579 391
56 413
664 692
350 219
623 782
469 702
84 211
328 377
197 213
477 612
486 54
207 693
682 307
674 126
316 411
67 262
31 161
605 493
223 669
719 688
391 45
106 717
340 89
728 624
312 609
353 142
46 462
9 697
509 101
711 730
303 314
313 499
655 291
759 394
98 783
337 144
25 315
297 189
381 142
283 227
635 56
461 770
128 241
224 61
379 196
512 606
710 291
322 713
313 661
308 56
409 397
110 466
274 789
250 129
220 34
443 410
388 703
379 112
644 184
163 434
433 402
555 543
191 114
657 560
737 294
698 344
756 708
647 617
519 290
582 240
105 44
310 674
168 487
663 784
497 469
449 610
52 187
280 787
462 172
717 23
662 11
125 35
437 242
50 772
208 174
718 526
372 776
581 771
700 602
476 134
60 309
326 329
566 305
419 12
775 332
33 47
438 476
220 563
747 339
671 633
327 65
556 241
703 509
333 352
96 456
484 319
328 338
227 672
441 727
98 17
267 377
230 255
714 190
657 415
57 286
652 399
419 559
272 292
538 727
431 277
185 663
267 563
154 314
91 120
357 46
154 119
479 656
611 798
104 168
24 792
638 295
640 738
403 126
712 279
150 414
629 619
130 315
721 231
47 677
556 299
327 363
753 693
44 51
362 658
188 500
515 547
640 432
319 709
553 496
383 460
583 352
329 220
72 214
327 94
359 786
278 435
567 72
598 180
95 486
137 66
425 491
432 234
627 663
594 416
478 669
732 521
239 191
75 368
755 421
408 278
381 373
592 351
202 691
437 652
415 221
108 186
659 143
21 279
501 450
252 689
351 498
276 299
415 510
111 242
619 615
290 719
652 545
538 328
304 643
86 139
426 708
651 91
8 154
421 334
293 124
632 583
606 595
247 277
705 334
461 581
649 433
202 150
242 258
722 773
707 698
400 11
91 229
121 268
375 8
581 57
403 161
290 370
4 133
679 226
713 542
246 285
73 510
258 170
168 621
438 592
406 515
697 615
668 552
93 644
192 669
130 42
645 326
510 718
585 352
136 248
432 43
472 432
767 569
7 319
743 113
154 651
722 91
455 751
486 633
405 23
512 475
409 516
619 191
786 469
684 225
64 22
771 702
163 411
220 606
289 434
671 543
91 435
411 748
479 763
207 780
108 607
587 103
161 751
793 587
455 198
451 69
123 773
120 765
257 186
619 793
674 463
357 371
114 158
742 657
581 754
152 68
57 755
257 590
9 226
789 502
171 682
609 778
476 76
679 733
230 141
254 230
626 543
434 625
627 250
370 581
208 159
385 571
358 321
390 218
511 473
774 185
655 455
558 334
468 574
401 36
130 16
313 662
235 52
9 207
347 153
196 597
447 464
499 448
639 199
14 126
748 467
297 322
147 361
363 517
553 48
463 687
342 459
708 685
385 401
85 571
118 653
189 765
406 30
563 188
115 710
703 70
621 420
785 123
387 623
594 120
545 401
165 613
585 620
723 565
210 137
565 586
256 350
47 100
701 332
755 188
707 22
164 563
4 245
486 680
605 479
464 669
405 630
98 109
296 284
168 640
501 117
459 618
176 122
65 729
245 150
747 684
608 408
38 340
16 49
361 194
123 258
486 281
781 321
700 624
713 387
90 169
393 654
358 325
503 245
749 208
771 312
59 542
315 679
343 184
409 3
751 376
87 775
352 452
697 409
358 430
331 549
40 733
381 677
312 718
284 767
562 670
294 347
686 192
389 296
276 296
330 426
66 214
198 747
591 56
266 739
714 793
567 546
308 523
424 63
191 209
262 611
379 754
211 555
664 107
428 179
404 122
529 3
60 8
676 360
545 750
520 15
422 161
111 32
770 553
649 461
241 408
765 254
585 20
206 437
137 555
498 605
423 127
705 160
402 749
733 590
528 437
434 273
96 671
602 242
87 657
5 310
328 589
251 690
261 263
395 325
503 712
696 50
204 114
116 672
51 441
488 662
103 729
137 508
559 516
325 29
100 654
526 117
456 734
342 633
202 797
694 340
232 313
501 235
419 546
660 9
750 195
165 307
391 191
111 314
668 362
407 431
770 479
405 80
443 724
321 433
50 83
687 440
151 51
82 618
578 756
322 256
198 247
9 718
743 771
520 586
559 555
671 741
362 549
243 401
679 382
399 150
60 147
747 317
73 128
213 692
534 741
297 466
709 193
676 542
684 717
422 319
578 81
368 326
767 756
211 781
646 253
418 227
580 235
185 298
759 493
451 497
328 216
564 508
744 110
207 694
406 771
432 27
91 258
208 498
205 102
747 147
782 346
605 374
385 245
44 633
152 93
676 598
376 351
611 495
683 52
482 268
641 257
452 101
658 344
406 123
220 139
244 24
238 673
642 512
486 347
714 4
762 590
597 31
62 172
653 7
316 224
520 506
209 652
371 515
605 521
454 592
683 722
345 673
85 398
283 167
757 279
258 297
762 4
16 112
530 217
289 640
317 193
496 606
604 241
734 94
331 198
135 784
800 785
585 238
367 630
660 245
345 137
96 772
660 430
299 124
27 732
778 171
534 715
573 157
684 598
725 154
612 614
454 237
500 411
284 108
542 5
772 425
753 72
171 451
629 88
590 200
342 723
502 66
357 242
532 572
704 300
96 200
562 737
148 38
753 231
750 554
153 408
238 72
263 317
535 704
232 75
221 62
284 299
258 404
146 449
693 796
797 309
177 218
641 445
599 472
247 399
611 721
435 719
105 120
518 574
320 449
58 622
231 222
452 478
61 619
219 116
272 293
203 435
566 728
294 790
693 317
441 251
290 481
161 449
67 692
180 465
345 531
522 756
25 112
390 141
108 799
520 731
18 793
187 557
69 387
110 345
181 773
632 171
688 437
240 469
640 613
99 208
697 578
465 543
461 377
436 52
344 624
309 144
554 313
655 604
128 552
194 725
583 166
227 704
495 586
747 582
361 249
788 726
753 454
513 608
228 680
585 119
28 414
579 767
331 487
71 54
581 763
253 203
176 88
14 37
292 212
693 658
559 439
456 414
461 479
709 369
232 282
632 332
334 284
781 313
338 446
33 390
686 468
642 225
528 559
99 250
370 300
322 432
181 541
512 260
350 175
12 107
598 735
325 640
65 770
405 789
475 321
186 57
796 624
414 367
429 21
628 736
160 240
202 26
774 503
644 758
451 457
580 153
172 604
76 407
461 497
220 154
420 791
371 542
124 247
663 343
454 404
512 400
557 39
772 108
238 85
523 722
330 95
11 281
93 153
536 49
63 557
173 64
214 18
194 199
186 361
311 722
482 710
440 96
503 91
98 726
109 730
165 413
528 121
216 357
356 433
284 713
227 210
276 65
632 28
95 645
52 240
245 96
534 648
293 653
375 247
494 639
228 13
331 220
467 586
568 504
692 590
598 160
439 772
488 119
440 242
597 25
672 353
212 256
334 20
746 756
772 473
493 80
456 40
585 325
116 447
376 514
101 121
701 303
499 634
361 443
694 532
485 25
90 52
80 482
551 739
152 379
36 121
500 199
393 201
670 23
42 263
479 64
445 67
169 425
639 9
62 86
474 427
763 247
463 131
360 302
584 716
128 95
36 332
573 233
286 215
441 538
61 164
658 248
680 25
653 771
29 534
208 318
361 249
765 411
347 524
651 426
217 779
493 738
426 449
563 220
382 782
461 711
678 175
668 478
35 556
599 227
146 481
146 482
178 517
175 385
4 573
174 194
118 138
122 745
764 381
304 45
233 685
504 673
634 354
281 736
797 657
124 308
280 791
487 200
498 156
93 179
120 36
653 320
454 230
101 31
19 655
392 659
609 415
17 134
166 711
778 304
517 760
642 463
115 623
121 429
356 273
97 660
351 84
585 231
648 90
614 115
614 401
595 644
211 462
382 443
84 671
706 645
768 452
233 279
469 100
126 228
428 702
85 522
336 790
667 380
230 328
39 42
800 652
765 354
94 160
126 58
56 510
304 448
402 734
784 192
686 172
582 370
785 579
312 308
569 460
771 415
190 617
698 176
371 412
720 355
118 718
552 739
220 618
30 608
169 262
693 200
138 326
665 211
119 291
198 634
302 273
143 253
367 712
17 470
613 280
797 162
793 173
491 38
562 413
383 351
742 423
70 550
403 467
408 114
8 560
128 376
440 103
26 146
45 448
649 94
508 380
472 255
334 511
677 687
312 199
123 756
49 335
273 12
735 383
342 40
594 791
208 298
349 17
85 152
685 248
251 740
681 285
181 473
336 279
615 624
406 514
739 435
356 527
504 8
729 570
610 220
634 317
440 785
166 614
76 220
744 3
731 622
353 315
729 570
159 644
573 364
511 353
600 607
708 773
431 770
188 563
788 408
56 742
63 718
561 46
622 549
32 708
348 546
280 402
683 374
24 720
735 428
470 563
440 446
560 503
304 173
421 82
614 63
103 517
561 290
779 290
428 659
370 98
316 465
151 305
415 102
390 529
264 285
632 429
676 230
156 405
434 279
82 142
488 734
205 735
434 102
111 765
533 84
293 78
708 476
505 8
758 543
414 489
110 617
428 188
561 441
404 622
313 354
166 193
53 115
560 418
42 513
504 791
312 44
222 72
198 507
339 48
4 782
608 140
277 441
378 176
2 104
425 450
423 675
605 211
364 371
507 741
529 257
759 388
747 442
84 530
407 406
507 776
164 84
471 157
768 530
311 198
21 118
789 13
295 784
326 123
414 568
509 563
537 495
600 642
83 439
269 380
524 680
65 318
401 594
531 459
545 376
792 581
587 240
21 191
634 214
231 347
635 601
729 504
101 548
193 286
342 103
19 487
37 690
780 42
569 683
581 318
663 550
447 200
570 491
357 573
324 599
483 767
748 266
400 427
452 793
435 186
625 134
435 661
135 766
337 310
217 137
460 567
80 228
576 206
105 69
72 306
333 711
327 725
621 378
474 160
189 413
273 699
653 327
197 30
213 240
258 212
582 465
299 264
142 687
639 762
682 800
227 710
421 446
778 609
254 619
632 331
69 378
600 439
76 474
247 67
238 176
604 414
443 113
405 339
755 740
10 47
585 189
613 719
77 708
798 461
500 517
422 438
419 471
441 582
472 544
166 250
708 575
98 509
363 674
63 8
411 105
142 109
756 778
247 667
539 298
485 665
328 113
618 111
377 773
602 95
371 583
727 625
674 338
265 668
165 778
64 596
557 76
218 574
756 499
585 110
392 651
637 721
647 481
728 643
577 248
242 397
638 476
589 461
596 342
68 710
119 212
245 250
636 390
299 89
178 158
9 603
298 506
524 725
656 207
323 92
33 92
167 124
208 318
200 243
163 683
502 295
633 503
187 633
286 163
101 535
17 790
718 563
784 355
722 281
587 783
512 393
450 474
634 472
224 357
708 24
95 253
117 632
711 105
55 757
635 722
501 710
174 518
512 717
38 687
705 98
421 766
371 330
432 72
52 407
706 421
201 565
184 558
117 274
187 433
200 78
432 494
506 524
275 502
387 678
79 399
421 668
402 79
215 761
232 691
398 515
584 222
45 620
104 378
313 395
766 103
200 99
696 756
452 401
155 675
130 306
633 266
691 219
330 382
478 48
204 382
236 207
155 16
629 145
437 336
90 273
664 91
642 214
12 109
693 757
441 574
753 191
75 385
711 253
37 387
224 433
355 164
705 58
789 301
800 644
386 226
482 242
521 451
427 463
501 737
587 629
358 443
638 255
635 289
271 634
534 673
665 58
506 320
386 292
197 624
17 78
367 187
406 215
695 242
749 502
202 394
442 74
732 405
171 362
257 662
303 28
125 332
95 419
710 351
231 30
211 588
691 606
23 726
389 689
573 193
694 773
735 222
435 523
21 517
655 530
395 248
197 363
144 152
693 130
755 66
207 471
7 275
764 15
313 697
401 239
614 681
399 392
449 100
428 441
700 356
299 196
233 383
568 656
786 591
774 68
88 27
570 687
746 91
668 793
347 289
84 661
567 299
790 362
735 154
715 32
439 729
181 36
575 515
315 415
229 319
35 275
222 525
711 524
551 550
255 52
168 586
499 792
199 392
58 242
520 249
595 378
688 608
132 127
258 346
749 24
234 23
62 174
408 685
562 372
52 424
627 286
676 296
88 164
626 474
315 733
208 230
714 769
16 576
483 390
629 532
48 637
364 790
394 37
233 636
547 414
571 650
771 173
739 726
37 387
79 153
302 141
172 80
466 4
56 491
117 238
275 293
767 491
702 679
101 48
505 491
777 88
727 437
575 376
169 484
134 798
641 514
654 218
48 751
387 769
660 356
510 630
78 185
625 323
181 445
224 362
17 193
754 605
492 636
43 280
272 458
268 760
583 519
264 644
582 773
531 614
127 462
579 340
235 394
97 65
217 154
515 722
520 457
747 619
669 376
97 103
94 587
45 782
168 677
691 351
597 480
782 184
280 553
60 557
287 546
33 519
208 530
643 387
439 519
319 291
674 220
772 645
65 426
187 396
208 25
377 209
306 141
510 31
82 53
309 786
124 3
486 158
800 94
83 196
494 621
392 226
420 163
591 340
628 304
481 665
500 425
145 311
271 184
199 767
437 218
464 602
460 726
691 39
608 396
73 332
755 765
154 384
29 492
658 378
747 450
612 294
45 703
528 457
541 241
158 616
235 793
7 495
300 176
616 165
148 194
226 285
256 245
245 195
512 636
296 412
634 478
102 51
584 459
434 288
705 537
186 234
67 175
611 206
691 798
501 609
587 261
444 748
715 49
748 517
720 255
286 683
651 558
469 691
61 548
489 745
488 535
14 103
354 305
783 64
143 281
93 513
419 218
337 119
333 228
158 654
47 518
232 601
127 529
750 575
574 47
79 3
148 670
298 525
480 158
621 541
122 303
38 667
255 462
134 292
441 630
497 515
392 660
478 299
305 141
680 79
401 184
475 570
59 537
286 6
635 171
88 251
288 658
592 450
486 144
18 617
473 185
483 241
414 47
595 264
46 689
194 687
79 630
358 560
778 18
453 769
259 569
461 196
352 790
719 481
457 677
684 370
326 18
282 269
278 106
403 455
764 286
125 89
354 747
285 664
642 234
669 320
653 481
589 799
186 464
53 66
158 764
574 102
403 120
675 583
490 625
73 57
495 788
771 772
358 699
434 82
174 650
444 280
787 406
356 786
748 71
515 774
259 630
417 756
158 560
273 762
383 799
460 230
212 389
349 611
167 635
533 281
777 648
138 692
388 176
155 17
403 697
303 344
329 606
371 71
414 78
520 790
181 685
669 493
765 637
657 20
375 277
739 179
435 666
36 587
438 266
725 695
337 663
582 523
256 746
248 229
210 77
538 165
93 708
307 90
406 440
269 162
754 122
47 95
230 75
398 672
597 370
40 616
441 585
16 265
183 118
695 354
767 457
603 421
784 366
179 164
791 91
456 649
91 591
315 66
137 149
775 200
126 164
769 40
437 257
658 169
716 445
679 616
41 712
292 701
488 800
251 760
590 218
574 657
35 733
34 791
695 456
42 760
546 290
214 210
77 604
82 278
525 409
10 93
288 256
351 330
678 344
313 501
111 768
343 623
395 192
733 593
35 447
79 626
799 758
664 502
677 425
328 699
196 141
373 761
411 135
422 486
739 441
457 87
720 579
647 707
799 624
16 797
554 699
13 186
267 373
416 721
151 374
262 54
460 623
89 381
529 506
786 586
41 325
697 369
18 446
717 651
131 122
682 211
80 547
415 91
479 662
370 578
563 362
605 673
217 798
483 291
500 789
261 329
258 714
277 102
426 721
201 39
552 308
261 541
201 300
93 91
97 726
720 87
639 715
576 634
299 81
546 472
453 341
221 90
66 151
688 641
148 571
545 702
464 59
347 58
47 622
693 327
692 383
612 346
724 370
20 144
157 723
479 74
646 273
637 551
130 677
197 780
541 522
567 55
782 136
321 162
591 112
506 746
58 170
580 734
75 316
101 444
169 684
645 435
719 470
505 324
297 763
11 467
19 135
216 254
605 135
146 494
648 302
327 741
687 119
750 464
655 574
504 662
30 721
320 119
735 712
404 531
413 65
377 327
268 799
201 766
356 569
537 258
710 232
517 368
280 86
291 721
130 263
796 753
506 738
713 36
392 137
267 143
53 490
745 624
458 181
679 669
293 726
284 160
691 561
25 416
428 595
433 264
521 715
158 559
116 341
622 141
14 31
361 78
144 176
250 345
39 360
463 508
232 616
138 10
800 769
351 275
95 450
752 567
697 158
142 226
527 770
484 736
721 768
313 455
98 68
126 212
377 277
733 143
768 367
434 222
671 81
280 111
554 741
310 706
571 291
255 556
575 237
321 199
303 358
468 518
637 45
97 787
720 498
692 362
350 728
621 550
273 394
220 489
9 721
161 270
282 711
450 703
750 736
411 483
151 113
154 383
552 744
10 76
611 701
140 439
29 491
588 559
757 138
88 692
169 285
134 106
137 613
660 734
695 364
115 20
605 495
85 517
50 294
155 214
353 168
86 548
323 395
244 573
733 116
177 122
240 360
591 481
581 429
434 614
504 582
331 362
445 549
644 113
286 133
765 748
693 313
173 576
253 268
24 452
228 99
676 7
749 476
163 169
704 109
540 458
98 446
746 298
80 355
41 799
564 300
203 321
73 515
394 457
393 164
466 226
365 752
204 439
