46 800 2000 916
2 20 590
32 26 791
14 26 874
23 22 221
1 31 954
26 13 503
32 36 170
44 9 209
39 33 68
36 1 352
25 2 597
45 24 921
11 13 801
13 19 133
18 13 902
41 29 912
9 13 497
2 42 218
11 33 441
44 37 757
10 32 689
30 11 431
46 26 619
21 28 796
15 23 4
36 2 559
3 40 845
30 34 868
34 41 646
9 17 690
15 40 100
22 20 358
24 6 315
20 24 354
21 18 709
45 16 813
38 22 80
8 37 954
42 27 112
11 35 788
39 4 216
43 10 192
12 4 195
25 7 175
27 5 28
32 44 17
3 12 379
10 16 458
30 35 892
29 3 494
2 23 294
34 29 632
44 40 909
7 5 609
19 32 814
45 46 772
5 28 463
29 24 488
25 19 505
5 31 330
33 5 827
13 30 718
3 41 54
46 20 758
32 42 492
23 34 445
15 27 452
20 4 831
34 16 987
25 23 324
15 1 954
41 10 300
35 8 300
22 40 430
5 45 799
38 10 639
17 46 3
37 39 135
15 18 801
43 20 959
9 32 501
24 22 588
20 30 277
11 37 968
19 3 144
22 14 416
45 21 299
3 14 147
15 34 400
38 25 643
32 1 851
14 35 779
11 29 278
2 8 612
9 5 442
22 1 331
32 17 305
31 17 591
13 32 850
3 2 148
46 16 161
11 18 674
12 39 371
27 35 523
10 14 858
4 19 312
46 8 807
25 44 610
1 26 381
36 25 247
46 28 378
5 41 173
34 4 919
35 19 104
25 18 959
34 3 395
27 45 151
46 14 210
33 38 408
12 15 319
17 33 742
30 17 213
20 7 705
4 44 519
6 3 980
1 14 110
2 29 869
36 7 702
44 30 989
39 10 963
13 33 24
17 13 766
1 17 269
28 11 920
24 9 507
35 32 295
24 10 577
10 1 23
27 22 942
39 8 435
4 5 860
5 2 303
36 29 108
38 27 963
5 22 682
40 38 162
21 7 685
31 2 716
29 19 505
18 2 397
11 20 131
40 43 506
28 26 416
13 1 185
5 35 496
6 26 502
31 33 27
8 9 718
30 39 771
1 27 432
16 20 995
38 37 721
14 15 524
11 27 832
17 42 67
30 27 352
40 18 334
39 7 463
28 34 148
17 37 61
46 24 374
14 2 257
13 4 431
9 36 117
25 4 715
21 32 340
15 29 307
33 24 440
14 36 4
3 42 802
17 7 356
15 37 672
31 13 734
12 29 72
18 28 802
29 28 796
24 26 180
2 12 765
28 13 309
34 8 147
41 4 99
33 45 766
9 31 574
29 17 906
44 12 566
26 30 185
10 15 613
1 5 348
7 43 471
9 12 912
13 22 685
5 6 372
41 20 432
25 32 181
1 19 831
45 26 907
14 34 767
34 32 86
37 26 866
18 27 897
42 8 789
4 30 708
9 21 398
2 28 629
7 33 193
42 20 420
38 29 406
13 40 739
4 42 670
4 24 244
14 39 891
40 11 625
42 45 678
21 25 887
40 26 563
20 23 386
2 11 76
9 15 951
25 11 162
36 40 717
24 35 306
18 9 268
33 16 984
39 31 577
16 18 971
45 25 821
31 14 277
22 36 296
38 6 889
38 42 247
46 25 838
14 43 228
4 15 506
44 3 549
2 21 752
40 34 862
10 33 101
46 32 294
35 10 839
17 24 815
12 28 708
16 17 877
34 9 294
29 31 382
36 45 240
28 14 666
3 21 602
3 5 58
43 37 367
29 9 46
9 23 329
10 26 5
43 45 298
12 26 205
25 33 501
35 23 695
36 8 115
12 41 206
4 3 598
9 38 818
2 24 451
25 12 476
24 19 773
19 17 134
3 46 296
11 31 881
4 9 230
46 23 833
17 11 476
13 15 859
41 31 394
3 26 651
45 34 445
7 45 198
41 1 963
46 35 534
36 37 319
17 45 385
31 20 791
37 19 628
8 24 423
33 8 489
8 5 907
13 16 507
17 25 593
42 29 570
26 39 88
10 17 836
30 21 151
6 9 710
3 33 734
43 38 71
43 8 523
41 35 296
33 18 618
15 38 57
45 4 243
2 22 848
23 18 786
13 20 856
8 28 209
5 20 561
8 18 231
34 46 465
32 4 999
16 21 65
42 41 122
19 23 197
17 26 874
33 40 333
35 4 254
20 45 943
5 39 953
37 25 803
32 6 293
23 11 477
28 9 998
25 35 138
24 25 605
32 16 912
4 18 247
24 36 731
39 25 546
6 10 401
44 43 562
6 13 204
41 9 637
30 31 523
29 45 675
12 32 545
39 6 766
18 10 848
20 27 824
20 9 640
11 22 929
44 29 294
28 4 794
16 29 612
35 29 759
5 23 59
15 2 577
44 38 916
11 16 830
44 23 931
22 16 452
6 20 527
44 21 562
43 2 797
46 29 683
11 46 801
29 13 295
6 44 575
16 14 346
44 46 74
42 23 591
39 11 535
22 4 54
14 33 91
16 28 925
16 42 964
29 37 983
35 9 107
35 38 813
14 38 73
43 25 916
14 29 637
20 36 307
15 19 288
2 35 338
36 34 223
6 12 629
34 35 796
19 42 458
18 41 624
23 17 917
13 24 254
35 31 30
42 15 613
31 3 760
4 37 448
22 8 778
13 46 83
14 30 953
19 7 230
27 10 401
16 8 684
5 42 986
10 2 17
46 15 169
4 31 41
10 36 345
25 15 897
43 3 361
26 35 737
38 36 564
33 36 129
8 41 334
10 46 168
37 7 269
9 40 811
7 14 255
17 43 188
32 38 857
29 5 640
31 18 693
11 1 561
8 3 333
5 32 42
46 9 314
17 38 998
30 16 182
31 16 186
6 7 682
9 25 346
5 10 904
36 18 280
26 8 95
12 45 797
18 3 174
5 12 907
28 6 602
14 8 268
12 43 225
32 14 133
28 25 51
37 5 474
21 37 233
14 27 721
42 31 542
27 23 140
30 37 347
40 28 230
5 36 468
7 3 552
25 30 197
6 41 698
45 22 564
16 3 642
7 23 507
15 5 250
41 26 462
3 38 301
37 33 450
34 18 49
30 36 499
10 11 565
11 42 747
32 40 14
29 22 243
12 38 618
24 12 516
36 19 341
42 12 533
46 42 123
33 19 440
32 43 820
42 34 320
16 25 851
21 6 907
25 20 109
32 27 635
35 39 336
18 5 917
7 31 408
34 1 176
17 36 22
45 31 903
27 40 11
37 16 758
46 6 714
12 23 172
1 2 140
30 43 224
11 8 605
6 37 813
24 28 878
7 18 841
39 32 504
28 27 247
45 32 257
36 44 436
6 31 653
14 42 74
36 15 694
35 36 884
12 21 705
5 34 754
24 18 742
32 22 397
28 22 433
20 34 803
23 4 844
37 46 391
32 18 334
39 44 235
14 41 329
22 10 494
28 35 579
12 35 647
19 28 376
7 35 122
34 10 843
7 27 213
31 36 689
35 42 758
19 31 805
43 33 667
33 34 905
40 1 268
44 31 949
9 22 707
7 29 142
20 17 533
19 46 910
43 34 817
40 19 867
23 37 618
31 22 760
36 4 930
16 44 902
20 1 87
27 13 683
26 2 860
3 9 916
45 41 631
2 30 636
7 41 232
31 34 960
26 9 790
2 17 773
32 7 20
29 26 566
29 32 733
7 10 970
3 23 524
8 15 889
3 15 977
20 12 585
6 2 661
20 39 600
36 39 857
39 13 526
40 29 663
28 1 78
33 15 707
45 2 463
18 14 437
27 12 976
9 10 48
14 25 310
37 2 335
31 43 188
11 9 685
16 7 93
12 31 349
16 26 712
8 21 925
44 22 253
35 44 168
10 45 622
26 27 951
31 40 14
21 40 825
34 13 32
25 29 701
27 9 562
8 13 111
12 13 745
14 24 739
31 21 444
25 22 979
6 34 783
21 46 598
41 36 289
18 42 754
46 4 614
30 8 321
38 41 282
45 11 64
19 44 918
20 40 527
7 40 649
10 37 335
24 15 960
21 22 644
35 22 986
1 6 191
42 7 115
31 46 981
14 9 766
34 7 869
45 23 451
33 28 371
26 33 28
23 14 295
27 2 442
31 28 473
17 14 111
6 30 431
11 15 784
18 46 645
34 38 461
1 12 171
24 23 74
4 33 704
21 13 26
21 15 235
32 30 473
30 46 418
30 9 62
28 42 362
45 13 572
31 25 346
21 11 49
46 1 134
37 34 840
25 26 662
18 35 1
35 20 847
30 28 7
31 38 430
5 14 349
21 43 191
23 41 566
28 38 613
44 28 762
16 2 173
13 3 631
38 16 188
8 32 51
20 21 262
17 41 635
22 37 620
22 12 917
1 45 132
35 17 103
11 4 932
3 28 79
12 19 506
21 23 850
40 16 619
8 23 954
4 8 883
16 41 29
19 10 203
16 6 942
6 4 992
4 17 187
13 41 395
13 14 880
43 42 284
43 16 612
40 8 702
20 8 811
43 15 108
37 1 365
36 42 10
29 4 622
23 43 667
24 21 222
22 30 298
12 33 733
38 5 257
36 23 50
13 2 908
15 22 513
24 38 657
37 31 364
24 32 844
27 29 877
20 33 183
33 35 983
19 27 663
38 4 148
4 7 520
43 29 75
23 26 978
19 21 458
39 27 51
37 3 599
42 13 10
10 40 976
33 23 305
8 10 239
34 27 669
3 32 287
21 33 987
35 15 972
21 41 122
30 41 658
13 5 648
18 29 911
8 38 621
3 36 134
34 39 275
12 36 208
1 4 219
2 40 632
28 32 860
39 43 63
40 6 922
10 31 643
15 44 826
45 3 277
23 38 210
31 32 98
7 26 847
4 40 875
5 16 948
15 32 297
37 45 776
4 14 77
40 35 617
15 41 212
37 40 869
12 8 633
8 44 784
32 41 89
34 2 978
19 8 343
7 28 966
7 15 542
19 20 976
44 45 987
19 38 631
37 13 270
34 19 130
2 39 304
18 43 283
10 42 477
41 40 3
33 9 268
45 28 362
40 23 859
26 42 846
39 29 443
7 13 333
13 38 244
30 19 392
39 45 286
38 18 14
12 37 989
40 25 521
36 6 698
24 44 551
26 43 941
33 27 496
17 44 155
14 11 589
23 30 456
38 45 507
1 44 42
13 23 676
34 22 503
29 8 847
26 36 318
33 44 175
4 27 138
1 30 393
41 22 929
28 41 122
17 27 717
27 6 345
15 17 926
10 21 84
1 35 361
11 44 950
14 6 702
9 39 837
1 24 245
10 28 516
36 21 709
23 28 365
6 35 960
6 8 102
22 42 281
19 16 674
2 4 793
33 46 868
11 43 602
43 1 911
5 44 535
22 39 694
18 39 301
43 28 818
1 33 313
18 26 74
39 38 819
36 13 148
43 6 3
36 32
43 13
41 40
36 5
44 29
26 43
12 33
9 28
44 6
8 15
37 6
21 36
42 7
35 16
39 21
7 35
10 22
16 9
34 36
44 42
4 11
2 44
34 2
30 2
45 28
20 30
5 3
10 30
25 29
34 14
45 20
14 9
23 7
39 4
8 42
30 26
12 6
8 41
43 32
2 29
10 6
39 23
14 31
31 30
24 13
5 25
10 15
18 2
40 6
6 37
11 41
8 33
32 24
23 44
24 38
31 13
45 31
25 28
22 20
11 35
33 43
27 32
26 21
36 18
39 11
28 34
20 12
11 29
39 43
29 28
33 18
3 8
32 33
36 25
15 23
12 25
45 26
23 1
10 13
16 5
33 6
37 35
33 37
31 25
4 26
38 26
14 26
23 35
14 40
28 11
2 30
29 32
41 28
6 35
2 42
37 43
30 19
43 36
35 16
35 14
39 12
19 45
39 15
33 32
34 36
45 31
18 22
7 35
21 33
32 27
23 14
21 6
28 31
17 35
5 34
41 13
34 37
3 13
6 42
32 31
18 24
16 31
13 3
42 7
45 21
8 46
27 40
26 3
31 33
26 44
27 17
21 31
25 30
16 18
26 43
45 36
8 26
20 4
29 26
18 16
2 38
13 17
2 42
38 17
4 31
34 1
18 22
15 10
14 6
42 1
41 42
34 23
45 24
18 37
3 29
13 8
18 22
15 36
44 39
37 26
29 5
5 19
20 41
41 9
35 16
1 4
3 5
42 19
6 19
30 25
33 10
26 29
6 24
41 11
46 4
41 15
24 40
26 16
19 14
34 5
11 26
19 5
9 28
2 12
34 40
39 11
3 16
34 41
42 14
44 3
33 44
34 22
43 27
10 44
16 8
46 9
45 30
31 46
28 34
14 28
36 6
32 29
18 21
25 32
40 19
30 6
3 43
26 6
21 14
20 1
28 33
1 23
17 35
6 21
41 12
1 37
29 38
2 8
4 27
34 29
38 27
28 1
23 44
37 15
18 13
35 15
33 35
9 11
34 35
27 33
3 37
23 22
46 14
5 33
1 22
46 9
39 6
2 20
14 26
7 38
9 4
43 37
16 19
18 40
46 35
9 37
17 38
41 21
45 41
8 35
16 45
29 27
39 29
6 2
42 44
39 44
28 18
20 7
28 37
20 24
9 25
38 24
16 12
11 3
28 13
8 12
41 33
43 26
26 44
33 42
20 13
38 41
40 34
30 20
40 13
46 19
9 35
19 16
34 40
32 36
3 41
11 6
13 22
44 37
18 32
23 7
40 25
41 33
38 30
29 44
21 4
31 25
37 20
24 7
43 3
1 14
31 36
25 3
33 21
20 41
20 31
27 23
30 36
19 10
32 41
45 35
20 12
42 2
5 41
15 26
16 28
24 30
40 4
30 38
23 20
18 33
29 3
41 31
12 10
27 43
3 16
15 4
19 17
18 32
10 28
22 19
10 14
16 28
22 36
35 36
3 15
8 10
8 12
9 40
38 39
23 5
8 32
45 9
13 18
21 14
5 40
28 36
2 9
34 5
9 26
2 37
26 37
40 23
14 18
38 7
11 13
41 34
35 13
39 10
20 37
34 16
25 22
11 17
35 3
38 39
35 5
13 9
40 33
23 40
45 8
9 17
37 10
18 28
6 45
43 16
34 4
32 10
36 6
19 42
29 30
13 6
3 37
44 1
6 8
26 43
35 31
42 23
1 21
32 3
34 9
15 26
41 10
4 2
8 40
6 41
1 35
12 15
11 34
15 17
43 4
10 33
1 5
17 9
24 21
15 38
4 16
28 27
31 37
6 40
45 36
40 21
16 45
18 21
2 39
20 11
7 40
25 27
12 39
22 39
20 24
4 11
36 26
6 13
11 9
19 3
30 11
46 28
12 16
16 1
29 38
22 8
28 32
33 35
44 12
23 12
44 32
30 32
5 32
28 35
18 17
25 45
27 22
18 4
21 15
13 36
36 3
42 9
3 16
8 45
2 7
44 34
32 18
45 15
3 45
46 31
28 13
3 24
38 39
4 46
39 5
17 40
24 23
45 4
20 30
31 32
41 31
19 43
8 25
41 8
27 36
46 22
3 14
17 15
45 46
25 4
12 5
9 35
23 24
31 13
8 1
28 1
24 17
38 26
16 35
9 43
19 41
27 40
2 21
10 25
15 20
38 25
10 37
36 22
16 37
15 31
1 18
5 35
46 42
22 19
33 21
35 16
29 3
31 44
5 44
24 44
23 14
23 37
33 46
44 22
13 10
13 14
44 5
15 24
6 46
28 7
5 18
14 45
1 13
19 46
1 41
36 35
9 25
30 43
16 3
46 32
12 43
16 6
37 15
4 45
40 1
10 36
16 27
20 17
6 41
29 46
26 37
40 10
37 28
23 5
30 37
19 28
39 24
23 38
13 26
39 18
15 1
11 35
44 12
11 30
31 44
29 6
19 41
7 43
28 14
31 15
6 35
25 42
43 34
16 13
4 42
7 24
19 41
25 20
31 27
16 33
23 33
5 3
5 8
16 24
32 17
31 22
15 13
10 6
34 38
16 8
14 18
16 9
36 33
26 29
18 41
13 25
37 45
41 45
31 23
22 23
39 33
29 22
43 41
6 13
45 6
15 44
39 8
6 7
8 35
32 10
22 7
12 5
4 36
2 34
31 40
8 1
17 24
37 38
34 44
9 4
3 34
45 7
8 40
27 42
34 20
23 42
44 12
23 6
33 25
15 9
9 19
24 37
27 31
5 2
28 5
8 34
28 26
31 45
28 5
36 30
42 18
31 2
3 21
12 3
30 4
27 1
30 2
14 11
23 10
7 31
46 33
15 9
6 27
34 25
25 23
12 16
42 28
15 18
7 2
15 2
38 4
46 32
44 7
4 36
12 31
14 13
24 30
28 22
17 4
27 44
26 15
43 6
37 39
2 32
35 4
18 29
9 2
34 28
22 4
37 14
7 41
18 15
45 35
3 41
10 44
17 22
7 12
23 8
46 33
4 29
39 44
28 18
39 4
18 40
7 2
17 3
7 18
26 40
32 19
28 37
40 29
16 14
15 33
36 15
16 8
37 42
17 34
3 25
14 2
6 1
13 5
17 26
24 6
3 4
19 36
1 38
12 2
9 43
9 16
8 7
31 9
25 24
17 23
18 20
36 35
43 37
36 18
42 4
31 26
6 23
27 9
30 5
15 11
45 19
8 7
25 44
26 41
14 24
31 27
25 38
44 35
18 3
26 22
11 43
10 41
44 18
21 23
43 26
34 43
38 25
13 30
4 31
26 31
2 15
21 46
37 19
10 8
35 44
9 39
6 35
8 10
32 44
30 40
18 26
30 20
37 5
19 14
34 11
16 26
45 30
6 21
20 21
39 4
24 39
46 18
1 29
17 2
40 12
24 21
7 19
40 14
33 9
37 12
34 19
24 36
14 36
13 10
14 26
16 19
35 26
37 23
12 32
38 41
26 44
41 29
4 26
24 34
13 36
5 27
41 22
30 27
40 15
37 26
24 7
9 46
20 6
15 23
42 11
28 18
39 28
39 43
26 25
30 35
18 42
41 38
15 10
31 10
35 38
3 22
13 6
8 2
12 42
39 43
1 23
2 34
5 33
32 36
39 22
8 42
44 28
21 2
11 28
5 14
18 33
44 37
2 17
12 5
37 16
26 41
16 5
16 45
29 13
31 29
26 16
24 30
10 46
2 30
1 19
46 26
18 27
37 3
28 14
36 34
36 3
32 19
38 27
15 1
36 37
20 41
18 23
44 35
16 25
36 37
10 38
43 12
9 28
22 31
43 8
38 25
19 28
25 32
19 32
25 17
12 15
20 7
9 24
35 44
17 24
45 26
29 42
25 39
28 41
16 35
35 1
45 30
1 30
9 16
30 45
42 15
33 26
33 16
11 19
30 38
23 39
15 1
27 28
37 32
20 29
38 46
45 30
42 35
35 14
13 6
9 6
42 36
7 2
39 15
42 38
4 22
43 35
26 7
45 20
18 1
9 29
27 5
29 45
13 46
19 23
34 26
26 35
29 42
39 40
2 31
20 9
35 2
7 39
41 23
19 3
21 26
36 8
44 27
1 22
18 9
24 25
6 18
17 12
32 30
25 24
16 24
44 3
7 6
35 15
4 29
45 12
19 14
21 13
21 7
37 4
38 19
34 18
20 3
8 38
10 33
31 30
1 16
14 23
6 16
28 26
27 36
16 11
44 8
45 20
5 37
44 24
4 1
13 5
34 6
20 13
12 11
15 31
22 2
1 2
26 1
41 4
22 26
19 29
32 17
2 41
40 29
29 25
9 21
29 31
45 6
39 12
8 39
1 34
37 19
39 6
24 14
25 8
3 10
35 4
44 43
1 26
44 9
2 27
15 28
27 30
28 37
35 25
21 16
23 27
30 45
22 11
18 33
27 30
12 27
36 35
25 5
27 31
42 8
32 5
36 27
42 14
14 22
42 27
28 27
11 25
14 28
17 32
43 45
1 36
37 7
11 13
28 10
21 4
3 24
21 8
27 29
3 4
9 18
19 42
35 36
40 42
5 20
33 46
7 22
5 34
6 7
32 6
38 21
21 13
23 31
4 23
2 46
24 9
24 46
15 44
28 11
21 46
18 4
41 4
14 1
10 3
33 6
14 18
16 24
26 40
16 28
40 33
16 42
11 32
37 13
25 39
33 36
12 44
2 38
7 23
42 12
36 30
9 33
13 37
29 21
33 12
28 19
43 17
6 11
37 35
38 31
45 9
38 45
40 38
37 35
33 20
41 27
24 29
16 24
6 31
31 8
2 11
40 41
15 13
30 6
26 7
8 11
40 33
35 21
14 27
1 14
20 3
34 42
10 34
2 4
30 38
29 16
8 19
24 16
5 22
43 5
25 29
31 43
41 5
24 11
27 13
10 46
40 32
16 9
39 6
38 22
44 5
19 11
12 2
28 34
4 41
8 15
7 1
44 3
40 25
10 44
16 4
7 22
17 45
28 20
45 42
33 28
44 31
14 42
20 24
23 2
27 42
42 20
35 17
17 26
33 25
21 4
15 4
39 37
39 38
23 40
16 17
22 39
1 37
42 10
35 6
27 3
14 37
13 8
35 32
31 5
33 31
45 22
9 7
45 33
23 46
14 15
39 38
21 32
8 3
15 9
25 29
46 25
22 21
9 44
24 35
3 6
5 14
32 4
37 10
7 19
17 16
1 46
16 2
4 31
46 45
21 30
41 40
17 4
32 5
7 32
3 15
41 28
22 8
28 13
41 15
41 30
9 45
27 25
16 8
5 7
41 40
24 40
25 46
40 17
8 25
6 36
46 35
4 18
43 29
13 2
19 28
21 9
43 20
29 1
35 24
41 8
39 17
5 31
10 21
21 5
22 13
43 14
25 36
25 4
15 32
41 42
23 29
19 35
2 7
44 24
33 31
40 2
16 25
45 19
7 45
43 16
37 34
46 40
22 45
40 46
29 35
42 8
46 21
42 27
20 6
7 28
4 10
46 21
42 24
20 9
39 3
33 16
2 10
23 4
37 10
10 13
30 46
30 38
2 7
39 29
9 39
32 2
5 1
7 41
45 27
26 45
14 43
28 17
44 37
2 22
32 46
8 38
31 13
38 1
4 14
7 34
31 39
18 30
29 6
3 42
25 40
29 15
15 27
16 38
40 1
10 23
33 28
39 4
35 13
3 19
3 28
5 4
18 3
44 5
30 37
36 23
23 7
30 7
40 22
23 22
31 27
29 14
8 7
31 1
44 34
18 23
9 15
32 33
38 43
36 17
17 1
16 42
15 29
30 8
20 23
36 9
9 38
33 43
38 7
21 30
41 38
5 6
9 14
27 35
5 18
23 46
7 41
40 8
26 38
13 30
1 41
39 1
25 46
34 11
19 6
17 4
9 27
41 39
28 15
39 45
37 28
12 42
26 40
45 36
24 4
17 28
3 12
22 31
42 16
43 37
10 9
16 30
13 6
32 24
18 7
12 6
22 42
2 34
27 30
32 2
43 13
13 40
33 1
4 46
26 21
11 32
43 33
30 23
42 28
22 3
19 42
32 8
22 46
4 6
9 36
46 38
33 5
35 41
38 10
39 17
24 26
41 3
20 6
44 31
32 38
26 34
28 42
42 10
43 8
34 27
43 14
5 29
14 31
31 21
14 46
35 11
42 24
25 23
30 12
28 17
22 21
35 2
24 22
34 45
21 46
19 30
18 16
30 32
25 15
37 12
36 33
10 12
29 16
28 5
43 16
46 22
13 33
46 29
5 17
7 9
22 5
6 41
15 13
10 36
34 36
12 22
17 42
9 29
13 41
2 44
43 10
7 6
11 28
1 10
22 34
23 39
45 40
16 13
21 8
32 46
17 16
29 22
29 27
8 15
14 24
3 21
11 5
15 37
35 14
46 8
8 40
23 6
9 45
17 7
46 39
1 6
26 22
9 8
28 14
19 33
25 24
9 19
4 12
14 1
28 6
13 23
2 33
7 19
17 14
7 19
12 44
6 45
3 17
35 34
4 24
16 30
33 39
12 24
42 5
31 5
37 35
10 26
28 42
5 39
13 16
15 36
2 19
37 27
30 3
4 16
23 3
2 41
46 3
30 36
38 4
17 30
4 43
44 26
35 4
3 22
31 24
13 5
32 5
14 11
19 32
41 46
6 20
44 25
1 38
32 46
1 44
20 46
27 44
3 42
26 11
9 22
25 30
8 45
5 8
27 16
17 8
5 27
3 6
1 8
11 45
15 32
29 15
10 18
3 27
12 45
29 45
18 1
36 26
11 10
28 32
1 21
5 38
14 46
42 15
31 33
13 5
29 17
13 16
31 5
30 42
10 13
19 6
24 42
45 23
37 29
11 27
20 28
42 35
18 8
3 8
25 10
2 23
42 27
24 13
3 4
34 17
11 37
37 1
1 37
22 37
5 13
43 35
2 1
16 29
2 8
22 20
27 28
33 40
46 29
32 40
29 44
32 36
36 32
3 31
40 22
31 5
31 1
35 42
10 14
41 30
11 19
14 8
25 15
46 28
16 21
19 45
18 16
14 18
9 26
9 31
43 29
43 23
30 12
38 31
42 24
43 41
17 42
34 10
9 40
4 11
40 27
6 27
8 42
16 36
17 21
10 34
10 28
18 15
30 26
44 42
33 38
17 19
4 9
23 15
7 27
12 36
39 37
35 1
13 38
33 20
17 25
45 31
29 33
21 45
16 15
45 23
17 12
1 10
6 4
33 26
7 1
20 7
36 27
10 16
8 12
30 28
10 24
30 24
2 16
12 46
6 8
15 44
24 43
44 33
44 34
14 2
7 16
1 16
42 10
22 13
14 37
2 13
31 20
11 33
1 25
36 30
5 15
28 10
43 31
3 17
5 37
43 3
33 26
10 16
19 40
15 42
25 12
24 30
1 31
8 31
35 20
10 42
18 25
20 42
31 7
42 26
30 42
9 13
17 28
46 16
43 24
43 28
24 26
27 16
1 13
17 4
12 45
36 23
27 16
1 25
7 14
14 29
27 20
8 36
5 20
16 26
14 40
37 41
13 23
6 5
5 13
37 9
12 45
19 33
36 41
17 33
29 36
35 22
5 7
27 43
23 12
35 45
44 17
31 20
40 18
9 3
3 33
28 37
43 32
42 6
20 41
12 32
25 22
23 46
26 23
29 42
38 13
38 34
5 24
26 8
10 22
33 44
7 2
23 9
13 21
44 21
23 45
6 1
33 27
34 8
11 26
43 18
9 4
24 35
43 12
14 33
7 14
30 23
39 37
30 15
21 5
27 12
10 16
46 20
10 34
34 40
24 13
36 9
34 10
36 27
10 3
32 42
34 36
18 38
23 20
10 19
32 39
21 27
41 28
7 14
14 5
16 27
5 14
43 28
31 40
27 32
21 33
45 20
39 37
29 46
27 46
29 4
22 5
44 43
31 8
35 17
29 2
14 29
17 9
40 15
10 41
35 22
24 23
37 27
40 43
6 40
1 20
32 29
26 4
45 36
8 37
34 45
35 25
18 40
38 32
27 30
2 29
36 9
34 31
24 30
46 23
38 33
43 27
45 1
46 8
24 1
28 45
12 16
33 1
18 27
32 19
12 13
8 3
38 42
5 8
24 37
17 21
7 1
28 21
44 31
34 4
28 37
43 40
17 27
17 39
28 4
35 3
43 13
16 37
1 19
6 35
7 28
26 2
25 19
33 7
35 8
43 14
27 18
14 45
24 12
23 25
34 43
9 12
2 1
1 35
44 14
33 22
10 46
34 46
11 37
17 35
44 11
14 37
1 10
27 37
9 36
31 9
45 33
28 18
39 31
36 37
44 33
22 39
6 42
28 21
44 46
20 34
9 36
25 38
35 34
38 40
35 19
9 10
3 7
23 33
17 30
43 21
30 31
33 32
23 1
20 42
37 5
36 19
46 17
43 6
6 8
6 27
38 18
1 18
41 27
16 3
20 9
16 2
46 23
40 13
20 46
24 2
45 35
8 6
35 17
33 36
44 40
36 38
5 28
36 25
1 7
16 39
29 45
29 15
44 14
33 9
38 30
32 3
41 16
20 30
18 31
7 3
13 23
33 10
21 7
38 21
29 40
9 34
44 8
8 30
18 24
39 24
8 13
25 29
19 35
34 33
10 28
11 6
5 38
33 35
40 16
3 25
38 46
12 8
33 6
26 40
42 9
40 29
6 28
30 42
32 38
12 8
20 3
14 35
46 22
41 12
41 12
43 46
46 39
22 10
34 13
34 44
40 39
36 5
25 29
10 41
18 32
43 21
42 35
41 46
12 3
45 6
24 34
19 3
35 20
35 23
31 37
37 34
35 33
30 1
28 14
35 38
39 29
7 24
22 13
24 35
43 26
37 3
31 27
19 20
13 6
16 41
3 14
42 20
23 31
42 36
8 3
22 7
42 8
18 20
28 27
5 20
5 16
4 42
13 30
11 23
43 10
1 46
3 25
39 4
4 21
