100 100 2000 422
89 12 165
89 46 873
30 69 407
8 26 928
56 51 68
4 63 186
46 34 60
62 73 587
8 27 574
2 93 282
93 48 537
63 12 33
79 33 372
37 97 784
68 70 357
77 53 415
29 95 888
92 9 283
43 87 669
84 55 114
63 53 118
82 52 189
81 10 193
6 8 337
57 90 919
14 92 507
26 91 45
31 99 978
35 24 124
95 53 827
54 98 717
43 35 598
18 67 348
84 24 408
6 23 816
81 41 596
16 55 154
22 27 29
31 18 833
45 77 365
68 41 257
93 91 671
10 23 606
2 24 835
16 52 539
57 8 325
62 1 495
98 6 9
14 35 584
54 36 189
90 80 238
47 62 374
31 82 581
37 26 674
21 81 724
45 69 956
73 81 604
71 98 405
20 84 21
75 98 353
89 5 143
85 3 762
9 53 591
42 65 427
23 100 887
17 42 747
90 38 947
28 94 708
35 83 603
73 3 857
90 79 559
85 78 928
92 72 42
94 30 793
84 56 394
86 8 655
98 60 820
88 36 8
24 61 420
98 64 340
46 59 733
66 93 68
40 59 479
17 50 203
25 95 515
80 58 284
17 19 321
95 13 331
90 19 627
43 96 264
48 15 880
73 32 520
54 39 580
84 11 640
7 49 468
52 7 51
44 73 30
74 90 629
58 76 275
35 50 927
63 86
9 68
67 52
56 58
52 90
4 54
77 26
81 77
13 33
47 96
75 89
34 87
38 51
39 91
27 12
89 67
73 66
30 77
8 30
71 1
38 91
24 92
24 15
82 91
6 46
97 37
58 32
46 1
90 83
24 92
29 91
86 90
53 58
18 76
7 78
43 45
39 87
67 95
87 14
36 88
54 19
19 73
100 49
74 13
16 15
61 84
75 65
75 87
86 88
91 39
81 32
2 7
73 94
52 18
17 68
65 13
17 92
99 78
71 28
52 24
29 12
64 59
99 83
83 40
34 22
25 46
23 83
55 76
39 62
31 49
2 63
71 5
38 80
72 53
56 50
72 95
74 68
87 17
77 42
96 69
33 5
1 51
53 13
59 22
19 61
8 67
30 89
21 52
90 78
19 75
80 90
70 77
58 82
11 34
56 92
81 44
97 25
28 38
3 17
24 83
97 11
32 41
66 91
62 85
2 94
25 5
34 23
74 90
19 35
24 100
30 69
61 47
78 49
10 59
38 76
35 3
76 62
16 18
40 12
73 81
29 77
22 37
65 84
9 95
98 73
12 85
76 37
82 52
66 93
91 85
80 25
75 11
52 86
63 1
32 36
77 30
96 39
79 31
1 59
78 48
98 55
26 6
65 84
74 57
80 12
8 73
15 60
74 37
90 4
85 60
77 83
12 75
32 17
59 2
68 28
96 16
86 92
48 25
75 53
52 76
20 15
58 34
83 8
70 95
56 89
64 25
41 77
18 54
37 75
64 83
88 11
13 75
74 17
25 55
21 85
94 83
91 70
48 42
17 99
90 79
46 27
61 31
60 1
44 96
18 57
57 96
49 51
1 36
28 24
23 5
33 96
58 43
27 56
67 88
99 55
41 81
80 55
18 33
59 27
77 86
1 41
51 18
31 30
94 29
26 15
40 70
68 90
96 43
39 85
80 7
7 54
8 11
55 23
49 13
33 69
94 10
11 41
58 72
27 18
34 23
87 66
56 34
67 57
14 74
82 31
58 56
55 22
4 29
93 12
10 20
60 70
8 61
18 81
46 93
92 89
98 34
7 44
25 57
29 24
15 18
39 46
35 28
63 87
83 37
46 9
83 67
84 85
9 60
58 66
18 40
80 67
9 95
41 75
87 52
44 35
31 23
82 38
99 2
10 20
7 56
25 88
93 89
93 30
84 24
34 18
18 32
8 90
70 96
49 78
57 80
83 33
60 2
48 98
72 64
25 97
51 53
17 11
11 79
18 89
1 23
71 37
74 7
56 27
68 27
74 20
65 25
83 46
95 30
87 10
67 93
30 47
72 44
71 24
6 11
71 94
63 75
7 94
30 97
58 17
45 28
39 72
14 67
29 34
42 41
57 88
84 96
55 26
49 54
6 39
42 20
47 83
14 49
46 96
98 52
73 98
62 51
39 10
89 18
64 20
57 88
27 32
80 75
69 90
18 72
100 21
37 48
58 10
44 42
41 97
58 94
57 33
89 56
47 63
86 31
98 75
37 6
87 5
42 78
34 97
70 15
82 99
67 75
35 79
12 82
18 88
6 38
19 90
86 26
88 57
88 10
20 41
68 96
81 11
53 65
47 43
3 86
76 82
19 68
30 40
58 46
89 53
67 58
7 14
52 3
81 93
5 55
48 36
77 8
84 98
8 37
92 88
53 11
95 11
89 92
73 64
18 78
64 56
15 9
84 71
41 28
7 82
10 7
45 61
64 8
30 65
35 8
15 39
14 80
54 86
83 3
6 43
41 56
18 73
26 64
94 92
88 41
95 40
2 75
90 40
47 85
58 34
61 20
78 89
100 53
78 7
25 30
1 33
82 15
45 43
78 77
35 60
51 10
38 83
90 60
56 77
47 14
17 48
16 47
40 11
64 43
68 56
35 63
47 8
67 47
29 32
25 9
33 61
43 89
67 89
95 87
18 16
11 52
4 12
28 47
29 72
36 16
43 32
75 1
14 20
14 12
59 80
5 32
22 75
27 73
47 69
58 28
5 17
10 30
62 100
65 64
89 42
48 31
8 26
6 37
87 64
86 98
50 80
45 6
94 16
35 18
80 56
52 93
3 72
61 13
88 74
31 81
42 44
90 47
22 31
3 34
4 82
93 71
96 44
79 46
79 67
63 82
68 81
55 20
98 80
59 100
100 84
45 75
20 26
29 22
36 80
73 84
13 43
97 13
84 56
58 8
76 69
99 54
87 31
10 18
65 58
75 56
78 54
86 54
46 9
48 71
47 18
58 52
84 6
50 60
39 46
61 3
28 35
44 43
21 67
15 41
23 80
45 57
62 17
5 41
79 39
29 79
68 7
95 94
49 23
56 3
13 91
28 1
15 27
76 15
72 35
92 87
60 17
85 100
32 71
22 54
38 2
28 51
43 99
11 95
98 12
43 66
11 76
54 74
67 1
44 42
94 35
81 93
59 48
29 62
20 5
46 9
34 6
32 65
87 65
41 16
38 92
31 65
70 32
82 8
4 65
22 92
64 57
98 46
6 59
67 41
89 52
100 11
83 22
41 65
11 16
11 100
39 96
41 52
14 8
37 13
41 88
13 26
37 39
78 70
89 30
1 70
62 86
22 84
39 19
30 3
42 69
48 67
77 46
66 32
90 46
4 10
34 29
54 44
70 54
69 79
29 60
52 53
70 93
77 74
23 21
97 44
22 19
83 36
51 17
5 60
59 17
37 53
28 72
93 40
13 22
1 85
98 13
75 79
12 93
77 98
45 86
45 12
54 13
94 60
57 75
6 51
1 39
62 42
49 100
27 93
27 77
7 93
90 43
63 18
35 11
21 71
61 73
22 67
32 97
93 16
91 15
63 84
85 10
89 4
77 84
37 77
31 27
84 74
2 39
18 81
87 63
35 89
54 90
56 61
29 62
17 50
78 22
70 63
61 10
87 99
99 78
79 20
87 38
24 94
28 23
72 76
95 90
97 42
37 24
96 48
15 77
17 57
10 19
99 30
23 2
72 97
76 93
59 52
11 1
8 17
91 74
70 45
32 55
90 47
77 41
78 92
26 70
16 32
78 94
31 33
32 53
10 42
5 65
43 20
29 11
57 67
82 91
9 2
37 69
21 67
5 95
5 13
95 84
75 30
1 16
49 32
81 96
41 25
100 41
27 30
80 99
78 75
55 3
41 81
23 94
35 38
82 63
29 25
25 81
17 64
13 43
93 36
46 10
22 1
37 60
12 82
61 35
38 88
10 9
34 25
34 66
30 17
61 34
3 14
25 91
75 57
54 86
59 34
49 92
27 89
36 76
63 98
50 100
12 5
7 68
47 29
10 83
22 4
19 95
90 67
64 55
88 27
48 2
4 25
20 66
91 54
43 52
93 81
59 78
24 29
71 11
21 8
71 66
71 90
7 77
65 38
83 81
56 35
98 68
53 50
49 21
21 56
90 75
84 12
24 69
2 44
17 47
63 35
25 40
11 78
45 81
51 39
82 30
9 98
51 39
17 77
31 5
39 26
70 13
13 75
45 18
41 67
51 36
43 57
25 76
64 27
30 6
47 85
64 72
3 34
52 89
41 26
39 46
46 75
39 34
44 15
7 20
66 2
28 84
36 27
21 33
3 33
93 27
75 67
98 12
5 47
77 63
2 83
93 79
65 74
83 91
93 54
45 8
100 90
93 24
78 39
63 6
66 84
3 29
85 91
82 62
33 25
19 57
62 25
37 72
84 79
67 13
71 83
24 95
35 69
26 8
79 81
75 15
51 92
96 72
16 47
11 74
100 81
45 2
58 82
86 54
82 68
86 57
41 50
97 12
74 21
5 20
88 11
100 11
41 79
48 19
87 91
60 44
11 16
13 53
69 94
32 3
99 47
53 17
12 96
26 8
53 51
63 49
45 57
15 60
20 93
14 26
39 100
88 16
97 25
37 18
53 17
10 3
44 28
62 100
75 94
60 98
60 1
18 100
11 27
91 8
90 26
71 62
74 30
6 88
94 54
33 25
37 11
64 82
18 33
97 99
45 12
86 45
97 57
23 34
90 44
51 26
64 77
62 90
99 71
34 73
54 8
93 57
28 9
44 59
79 14
35 22
40 97
31 21
23 89
66 55
67 41
5 12
80 94
60 48
71 94
63 4
96 24
96 80
98 22
63 78
81 6
34 46
41 32
100 97
71 52
86 61
48 22
85 24
79 39
85 26
5 35
68 83
25 93
91 8
18 73
75 64
88 66
53 11
11 33
51 66
90 66
41 58
45 80
3 13
94 26
93 35
98 7
45 74
84 60
6 48
73 11
1 74
21 8
13 50
12 25
54 53
15 71
57 87
95 22
28 94
24 43
88 19
97 19
24 37
21 60
21 58
59 62
25 97
8 99
43 35
70 23
8 97
85 27
6 33
17 20
93 1
28 53
37 53
99 58
46 33
22 30
27 91
6 22
11 56
36 52
28 64
36 96
5 82
53 97
24 90
88 43
48 31
53 98
51 57
53 74
83 80
43 90
56 66
34 10
12 44
77 97
46 38
100 90
32 31
28 10
67 78
73 11
74 15
56 57
59 40
36 19
33 87
21 6
23 97
76 25
14 15
67 78
80 26
98 7
32 89
37 2
51 17
46 43
24 87
6 28
52 21
28 70
89 59
61 37
84 93
36 8
83 43
81 16
40 84
87 62
98 33
80 12
84 22
51 19
20 64
91 12
89 77
84 16
63 90
21 50
91 75
86 96
35 9
100 24
31 18
14 93
99 85
62 61
37 40
2 96
33 13
66 95
72 59
96 69
95 40
73 76
67 46
85 97
11 82
43 61
74 65
72 48
22 85
54 4
47 56
23 29
77 39
50 35
91 24
42 4
78 18
68 52
72 70
64 52
3 39
2 68
75 27
20 6
56 30
83 30
8 64
22 32
88 37
81 27
61 3
34 45
7 48
88 95
97 44
40 9
77 69
16 26
53 71
62 95
53 57
42 98
44 43
55 73
41 98
78 57
1 51
20 96
15 86
79 42
53 10
58 8
20 66
2 20
45 59
54 59
95 84
25 58
96 61
83 66
77 47
25 47
89 77
13 56
71 17
45 46
54 99
52 56
6 64
43 61
16 29
25 45
54 88
26 35
97 50
54 66
4 76
21 10
26 68
45 2
73 69
91 94
80 92
52 49
25 81
98 96
100 97
32 67
77 48
93 68
5 82
76 59
88 63
5 24
83 57
11 16
31 98
87 100
30 29
3 33
23 80
91 33
78 74
30 47
46 52
70 8
79 13
70 67
21 33
70 83
92 66
13 75
59 100
32 97
13 74
63 29
15 80
44 58
91 24
95 94
70 57
7 94
82 50
99 32
10 81
12 96
29 53
78 57
94 84
50 31
54 21
64 1
92 10
90 60
23 43
26 48
11 29
43 11
84 81
47 38
74 100
17 87
70 48
71 14
64 33
40 3
13 71
11 73
30 29
74 11
7 51
36 58
25 2
69 17
23 10
45 68
68 77
2 74
80 97
98 41
70 29
95 35
25 3
36 65
24 89
98 29
92 27
3 68
26 44
73 20
74 44
4 8
12 7
45 35
29 70
100 5
66 49
98 8
74 81
82 99
44 14
60 97
97 29
99 43
29 21
11 53
17 30
50 28
59 70
86 43
78 84
24 49
42 63
81 73
4 73
88 92
3 50
59 29
45 29
97 34
18 70
33 49
24 52
92 12
51 74
87 24
70 29
52 59
46 47
64 71
75 32
76 28
83 27
27 22
58 21
16 64
50 90
81 25
97 96
46 30
3 71
48 100
7 37
26 62
62 18
11 98
60 93
66 99
31 37
27 77
53 68
86 90
15 4
93 8
58 21
58 19
48 60
90 47
75 16
16 45
37 81
73 41
68 79
14 13
9 67
69 38
50 69
73 80
56 48
31 85
25 54
25 65
65 63
78 31
56 49
94 79
35 70
54 72
53 52
51 56
47 96
52 64
28 78
79 96
34 66
46 50
94 4
44 6
72 93
77 18
22 57
91 58
96 50
84 92
9 54
92 44
27 74
78 81
68 34
7 22
66 37
22 91
36 54
14 46
61 33
62 79
72 33
41 85
95 3
48 95
94 4
8 76
67 16
50 37
97 33
78 6
9 34
59 33
16 79
68 46
18 54
58 24
53 9
38 77
19 97
72 81
100 85
78 52
24 43
31 66
87 43
31 56
95 91
12 78
99 78
59 18
92 39
15 47
70 9
90 92
73 11
34 5
31 5
12 10
22 56
15 87
41 39
91 63
16 10
38 4
78 94
96 60
80 82
26 50
3 78
22 23
7 14
74 83
91 36
10 7
13 59
60 5
92 63
73 30
80 62
19 34
92 26
98 75
22 61
57 36
34 53
51 66
80 94
36 48
55 47
46 87
41 25
40 29
56 61
10 3
83 19
94 81
35 86
30 93
9 49
36 14
20 53
21 100
84 10
64 48
47 80
79 12
24 69
18 45
52 70
57 86
96 16
55 73
71 92
1 63
54 45
39 54
19 38
97 5
24 57
62 51
6 15
98 90
3 37
90 69
29 5
57 45
62 84
5 1
14 12
92 54
39 2
31 29
18 36
62 19
24 75
54 70
3 46
62 7
23 95
26 22
96 92
49 32
96 43
72 8
95 8
28 8
83 2
38 30
94 84
6 85
37 23
80 61
63 8
34 12
88 74
31 64
74 34
62 44
41 6
47 39
54 41
38 21
97 93
36 8
74 14
68 13
74 97
21 78
34 88
91 12
1 79
60 58
52 68
42 33
40 39
48 88
71 10
53 41
21 60
12 78
69 28
68 5
38 88
89 13
76 81
11 15
61 3
41 94
67 5
71 66
73 35
76 8
65 89
64 70
24 59
82 78
66 30
86 1
50 31
52 59
20 100
70 22
31 4
92 95
58 28
44 8
24 56
6 21
13 46
22 86
29 66
66 21
43 88
83 53
15 8
90 57
23 69
59 93
22 61
49 1
64 52
10 27
41 12
90 36
67 74
60 2
24 73
7 76
69 99
60 94
39 100
47 46
96 91
63 13
64 82
43 44
34 38
56 84
12 98
73 99
58 81
66 6
67 79
16 37
96 60
97 50
33 42
71 44
10 98
57 80
10 7
37 91
24 45
64 24
92 96
15 9
39 2
1 90
9 79
90 58
54 71
60 49
9 49
61 42
37 31
18 35
83 88
75 96
49 65
49 63
30 54
55 10
48 85
74 59
21 53
89 1
84 34
47 43
75 5
75 92
80 94
10 40
7 43
65 44
37 5
80 32
71 84
19 44
30 62
30 7
62 76
17 8
26 63
79 95
59 42
77 85
89 38
30 48
35 50
38 15
93 77
97 27
95 74
36 57
99 94
9 27
3 46
23 87
97 92
76 100
98 81
62 2
39 8
17 72
5 51
79 1
12 82
22 41
50 37
19 55
63 23
58 91
66 94
39 76
80 8
1 9
44 94
36 75
24 29
99 92
71 62
22 8
60 15
27 39
79 64
16 70
8 62
92 34
59 28
9 55
81 29
76 83
85 6
58 89
57 81
68 35
27 29
56 88
45 3
92 87
79 63
99 1
52 32
67 81
90 75
97 92
83 5
91 14
93 20
71 18
58 67
23 45
85 52
84 45
30 25
100 17
39 82
82 1
66 61
52 44
97 63
70 29
12 74
80 28
36 3
86 58
66 33
80 25
88 29
74 1
16 3
68 20
48 73
25 60
86 92
73 75
41 95
93 64
54 22
78 60
35 38
11 45
51 16
83 56
3 36
89 24
34 62
31 85
62 39
51 63
74 98
95 96
67 88
77 48
81 53
89 87
81 24
64 55
38 78
7 77
26 58
6 93
20 85
20 75
65 48
59 20
15 19
5 23
49 82
100 47
66 95
95 97
39 98
22 3
59 51
58 40
92 26
67 38
67 23
34 19
8 12
32 40
79 27
71 50
75 74
31 97
12 69
82 46
12 100
89 67
31 49
69 87
49 18
47 26
1 100
52 38
30 78
94 29
26 79
2 87
70 65
22 49
38 80
52 11
88 74
24 20
31 3
25 23
9 81
47 58
93 88
56 82
98 40
5 96
14 50
89 17
8 67
11 4
80 85
56 35
69 32
1 62
78 20
8 2
14 79
85 98
96 9
13 87
93 28
19 74
89 16
73 56
84 90
77 46
15 4
40 82
35 71
86 1
97 16
70 22
77 30
88 28
93 36
97 11
78 46
94 65
84 74
68 92
6 26
73 24
33 31
50 94
82 94
56 1
30 36
21 15
29 80
85 8
98 46
10 74
24 99
12 99
28 17
25 8
31 98
38 6
57 25
41 28
33 16
46 30
77 4
52 92
24 73
51 13
86 62
46 75
27 13
83 40
5 63
10 76
25 49
3 95
28 65
50 92
7 63
6 81
53 64
33 4
94 78
11 13
59 27
9 41
20 30
65 21
29 64
76 1
49 9
100 18
52 74
23 45
69 43
47 24
3 1
93 56
23 99
6 32
19 85
9 15
17 35
92 69
14 16
93 29
42 73
7 80
61 27
3 68
34 80
1 53
10 35
78 64
59 76
43 48
10 26
49 92
35 79
68 76
79 30
44 15
23 40
39 42
95 39
40 81
2 25
11 42
5 19
80 13
43 29
91 62
6 98
15 55
44 100
14 23
12 27
2 85
87 60
41 10
51 41
52 64
10 68
59 8
65 5
84 38
51 25
25 27
100 10
34 42
32 23
44 54
15 18
50 99
99 87
14 65
66 7
51 82
72 23
4 73
7 61
49 18
15 52
99 30
61 65
44 45
14 75
84 82
78 74
9 91
89 22
30 49
50 80
52 100
55 54
70 72
95 25
19 15
34 5
73 92
70 78
68 74
18 35
60 75
85 63
16 98
35 11
93 30
80 35
85 41
48 15
3 93
66 23
4 47
52 13
58 48
18 5
100 41
90 6
17 80
88 73
92 34
82 93
56 57
71 48
30 56
51 83
83 77
36 55
76 42
100 1
83 59
26 30
44 68
42 81
1 92
76 9
14 93
