100 100 2000 671
97 98 980
57 58 151
67 68 827
50 51 907
32 33 111
42 43 805
92 93 770
81 82 434
36 37 103
27 28 138
62 63 419
41 42 292
44 45 43
17 18 692
8 9 804
4 5 31
37 38 725
31 32 2
49 50 132
98 99 547
66 67 535
87 88 82
53 54 863
1 2 190
93 94 252
64 65 988
61 62 733
73 74 862
3 4 463
52 53 954
23 24 998
83 84 890
46 47 964
38 39 882
95 96 991
91 92 111
12 13 865
68 69 169
84 85 218
55 56 559
33 34 676
65 66 537
13 14 715
71 72 326
78 79 859
56 57 722
51 52 186
11 12 555
76 77 656
48 49 233
58 59 370
35 36 609
5 6 83
69 70 213
82 83 652
2 3 987
86 87 196
40 41 89
63 64 996
89 90 536
60 61 42
14 15 363
9 10 528
6 7 206
54 55 886
21 22 485
70 71 534
74 75 30
22 23 136
96 97 820
39 40 657
94 95 233
47 48 332
77 78 711
10 11 818
28 29 825
85 86 308
26 27 323
15 16 372
7 8 822
24 25 102
80 81 359
30 31 198
20 21 588
25 26 762
29 30 261
88 89 812
59 60 528
43 44 244
72 73 949
90 91 189
16 17 961
19 20 518
75 76 928
34 35 780
79 80 148
18 19 448
45 46 337
99 100 900
37 69 437
60 97
6 88
22 3
44 38
94 26
18 23
75 99
5 94
23 82
36 41
99 8
45 87
60 48
61 68
79 8
55 39
70 10
29 32
12 38
95 59
69 38
8 22
68 71
59 49
88 64
18 78
22 34
97 70
18 53
87 67
29 48
51 46
84 82
47 71
44 97
45 15
63 35
69 78
10 50
58 8
37 56
44 39
79 95
21 57
93 36
17 29
96 69
39 34
90 37
31 27
62 90
1 13
55 39
46 40
83 25
24 51
45 23
20 48
87 31
34 41
19 61
19 99
42 93
86 47
62 8
8 17
20 15
62 9
17 49
66 80
81 32
7 59
33 19
24 58
10 100
33 53
1 73
57 19
15 91
83 32
58 63
92 23
76 45
70 14
27 28
42 91
58 80
94 17
55 69
69 37
51 21
63 96
53 44
10 27
90 75
14 58
70 93
76 18
41 50
73 48
62 22
46 60
90 30
72 4
33 48
99 5
2 36
39 87
60 36
88 43
27 93
94 70
97 44
15 55
93 47
8 98
1 48
2 37
52 72
43 13
21 59
69 89
4 78
76 85
72 76
55 79
16 46
40 19
71 35
61 90
98 69
65 62
13 80
34 44
91 36
24 55
46 56
56 24
59 100
56 62
25 10
53 26
90 86
43 65
32 15
41 23
33 85
45 42
31 20
19 5
36 70
72 86
11 59
23 87
16 2
29 74
37 41
60 99
62 29
87 51
66 70
86 16
31 45
22 80
55 27
57 74
18 31
18 95
15 5
20 38
62 74
59 45
10 18
2 20
92 60
80 21
83 97
56 78
43 21
46 74
88 48
68 31
48 87
13 44
6 53
30 18
51 91
96 73
100 92
53 60
27 70
31 40
3 99
61 18
89 60
92 24
74 71
34 49
36 52
24 8
74 66
12 100
79 65
37 68
45 67
20 8
63 45
31 24
90 31
67 39
33 29
62 95
71 99
19 8
70 24
79 88
24 14
58 49
98 28
45 66
87 32
92 90
54 9
11 42
11 44
23 82
45 48
99 11
21 5
38 50
26 13
21 100
52 98
71 64
10 57
56 85
12 57
56 19
63 67
76 68
3 70
67 50
78 98
1 14
97 82
23 85
68 43
42 81
42 26
34 38
84 40
90 97
15 87
16 36
51 73
89 72
50 33
30 81
17 51
30 49
39 3
27 81
12 19
32 6
6 15
23 39
95 91
35 79
100 46
62 14
8 88
87 10
12 14
50 46
81 37
45 62
11 85
31 43
47 77
62 30
85 83
82 49
34 66
80 46
3 50
74 14
42 30
22 84
87 78
28 63
62 85
70 80
58 95
64 6
84 56
25 3
50 96
43 61
20 53
35 62
50 46
97 90
44 30
26 11
21 65
1 93
68 90
6 69
47 37
38 14
83 99
49 100
48 24
17 5
88 27
55 4
14 25
1 69
54 36
55 68
87 10
83 62
93 42
31 59
15 68
28 74
83 42
39 41
35 12
95 51
23 100
47 26
52 19
75 51
24 13
87 75
24 74
75 12
86 85
48 94
36 44
54 5
74 94
94 23
47 43
44 10
11 65
78 89
16 38
70 27
24 41
4 30
10 67
34 69
93 56
86 3
27 14
6 15
87 1
4 60
1 39
42 85
62 7
91 50
21 61
60 35
92 57
90 85
37 15
44 88
5 18
6 29
26 85
60 30
9 25
5 48
26 62
67 90
75 24
9 2
60 9
68 92
12 92
42 94
17 28
48 97
44 66
78 71
54 44
99 73
72 34
98 56
24 72
79 38
67 16
71 1
99 45
19 55
1 96
62 11
35 15
74 62
65 82
66 78
5 53
3 92
88 13
62 35
54 49
56 69
19 67
70 2
22 72
7 79
42 76
48 17
67 74
95 68
82 86
97 90
100 99
54 11
55 12
62 66
11 61
46 35
6 93
34 36
65 11
41 11
50 47
14 34
68 61
95 90
45 22
47 97
76 86
21 56
86 51
87 33
64 48
68 99
97 63
64 75
91 92
61 6
26 30
13 64
23 31
18 2
19 99
10 7
15 24
47 51
69 42
43 45
36 6
67 20
91 90
93 51
82 80
38 17
96 12
14 73
18 37
98 75
75 58
13 46
14 44
55 7
69 71
75 51
83 86
89 88
23 19
27 28
84 77
68 34
36 71
1 30
88 34
22 38
87 9
83 75
31 61
35 75
69 77
95 39
28 66
66 67
28 25
68 56
65 31
77 57
47 19
99 90
56 57
16 58
46 9
94 31
28 9
85 21
60 49
79 29
89 29
90 66
9 30
89 97
15 92
92 86
8 31
22 100
75 73
7 31
22 94
70 18
86 48
80 100
100 18
43 55
11 28
40 13
19 70
43 39
61 69
94 63
89 7
4 39
7 6
43 81
89 7
81 56
88 8
91 78
38 54
55 17
83 82
39 30
40 57
15 19
50 49
44 100
95 36
68 83
81 55
25 78
10 96
65 30
51 82
98 25
8 94
38 20
82 1
79 62
24 5
50 78
21 35
29 11
41 94
15 58
24 70
8 30
28 77
41 64
29 77
93 23
99 98
18 66
80 77
36 92
24 63
79 70
31 14
95 61
96 15
31 73
94 96
4 63
36 99
78 87
28 51
72 62
23 96
23 75
76 20
84 61
7 58
55 9
57 16
1 94
1 73
26 62
4 54
86 34
23 5
41 96
69 50
94 41
69 28
56 26
21 13
34 12
63 31
29 3
17 94
3 68
56 35
57 4
94 43
9 37
69 11
34 27
45 63
52 98
47 67
36 80
67 65
14 83
67 10
64 46
65 54
70 46
10 73
89 74
6 32
76 23
75 84
60 73
51 40
2 100
82 58
57 62
83 96
72 9
39 66
29 60
92 94
61 99
30 32
57 29
86 95
9 29
99 63
91 71
78 65
40 12
74 16
27 57
74 28
65 73
6 83
14 17
42 37
23 10
34 75
66 86
76 29
21 34
40 63
25 31
82 38
41 76
98 25
9 57
98 27
9 85
90 75
1 66
32 68
95 71
83 13
49 8
67 40
81 29
57 94
75 47
78 47
92 47
88 6
18 77
79 59
92 11
14 96
1 24
62 71
87 81
74 91
57 34
40 95
50 39
87 64
53 93
42 4
5 68
6 1
38 57
39 29
72 78
78 18
38 95
90 95
16 99
68 31
26 5
21 59
55 70
16 46
20 52
18 69
92 14
83 13
20 62
20 60
26 5
24 80
70 55
9 10
45 36
79 74
20 87
34 46
98 21
12 87
46 38
9 98
21 91
93 28
62 28
77 13
12 99
3 28
7 36
97 77
25 83
67 36
32 25
37 59
29 45
69 36
96 15
15 90
88 14
70 36
28 53
30 24
16 46
42 35
28 11
93 2
12 100
26 89
53 31
71 24
2 49
78 49
67 71
67 13
10 13
84 36
84 16
88 51
7 94
93 73
88 80
52 87
92 90
41 13
61 46
77 74
66 98
85 8
10 33
26 14
12 43
2 20
85 32
47 96
31 7
17 73
19 63
65 46
34 81
90 31
95 50
76 15
61 68
37 88
50 10
30 84
69 100
23 98
43 63
55 78
98 29
60 43
21 12
18 93
33 52
66 100
62 63
94 66
29 31
96 53
76 19
67 35
85 56
37 28
83 67
15 8
96 16
38 32
28 34
45 75
90 2
93 23
37 33
98 36
23 1
93 38
43 54
86 4
82 62
19 82
74 85
60 9
26 51
89 4
91 85
87 17
29 49
63 8
66 19
29 40
77 94
22 58
14 1
80 2
50 25
91 71
4 83
4 33
29 23
62 30
26 87
84 1
19 31
59 3
71 16
32 51
9 15
69 5
100 51
36 82
30 55
11 6
77 46
11 1
75 49
21 78
26 65
65 81
62 93
95 97
11 33
19 21
63 53
76 37
59 49
60 55
64 33
14 41
96 7
87 67
40 4
38 71
15 97
60 74
50 97
16 57
95 60
52 50
98 51
33 81
43 14
55 38
36 69
85 95
89 17
9 83
99 18
33 94
68 30
46 53
68 32
59 7
6 4
43 76
93 44
4 15
73 12
13 19
43 24
30 36
87 3
98 20
39 95
84 78
83 91
51 14
30 25
50 34
5 94
22 33
15 55
85 12
3 61
65 71
3 60
32 84
22 1
5 62
66 73
16 66
85 61
70 26
37 34
46 39
84 5
79 59
48 71
82 24
27 66
39 62
6 3
35 29
79 77
79 32
67 51
22 67
91 97
82 26
36 25
37 22
4 32
35 22
32 26
18 65
38 72
72 20
27 36
15 28
69 32
97 4
8 65
38 20
48 23
90 31
34 79
17 69
52 39
85 89
84 64
89 64
27 14
12 93
85 32
98 60
86 85
23 22
20 78
72 25
88 40
55 72
92 11
42 39
38 90
52 63
78 16
16 81
5 15
23 65
8 19
87 97
21 19
78 4
16 100
9 74
21 76
27 74
19 7
1 19
66 13
70 96
39 21
43 19
42 24
99 46
73 53
2 67
57 1
7 95
23 27
2 99
92 84
83 26
71 96
91 3
49 15
76 11
99 54
32 69
16 72
62 31
25 42
58 46
26 1
1 99
20 96
52 72
60 9
59 94
16 93
82 95
63 43
49 66
74 52
54 27
15 31
57 83
89 57
90 99
19 61
53 39
51 2
27 1
17 44
9 3
84 95
92 82
63 38
49 80
35 49
8 35
5 90
54 5
37 13
95 15
84 8
34 4
66 59
65 43
84 9
17 3
17 13
68 96
15 11
15 92
88 41
37 18
58 30
87 84
10 16
99 38
18 17
38 14
61 37
62 26
24 38
92 47
37 60
62 54
48 57
72 13
30 76
48 97
99 8
16 89
67 58
19 50
86 81
55 27
10 49
63 4
60 50
47 95
53 63
65 62
10 37
16 70
81 56
82 68
48 42
16 53
70 31
57 10
14 84
69 40
57 54
90 91
32 52
64 31
57 65
12 36
97 67
57 45
60 50
57 30
4 93
44 63
6 43
18 96
69 87
61 60
77 67
15 68
8 92
35 11
23 71
32 27
30 92
90 81
96 100
71 90
1 19
6 87
31 9
35 58
38 16
67 82
95 34
87 53
44 87
16 42
69 75
33 59
56 37
89 83
6 34
43 64
17 86
94 2
26 98
24 13
81 41
10 72
70 27
68 51
12 77
64 63
49 16
11 49
11 52
53 96
75 20
19 13
13 65
76 92
92 95
33 49
62 25
26 23
18 73
23 64
27 72
36 19
58 73
44 19
49 35
18 84
20 6
66 9
16 55
72 100
57 42
96 61
93 39
94 15
51 93
47 33
15 6
95 56
59 19
42 83
3 63
55 27
8 34
93 56
91 50
42 73
64 1
52 75
22 52
16 81
45 63
23 58
84 14
19 67
36 25
68 65
43 83
45 34
92 62
2 57
19 13
53 97
78 68
34 27
39 38
78 29
84 58
28 96
2 12
20 3
20 75
82 87
85 49
37 96
33 13
67 34
20 28
41 98
89 2
33 79
99 22
19 38
45 26
92 97
33 19
26 43
9 15
72 20
47 1
69 64
94 13
52 96
42 33
69 41
22 79
73 58
95 61
67 100
77 45
21 67
53 2
4 86
74 21
88 39
55 33
47 26
30 49
62 68
77 35
2 51
94 99
70 79
83 71
84 42
26 2
19 5
88 33
40 35
52 78
19 77
39 62
5 78
43 67
48 22
74 70
56 18
89 71
28 64
67 78
82 45
4 3
52 68
67 48
84 26
21 26
32 25
35 53
2 96
2 46
53 30
47 36
36 1
60 43
51 2
43 19
48 87
76 93
52 71
15 23
33 44
1 65
56 92
61 94
21 24
41 52
18 2
92 32
36 45
46 59
38 45
7 97
89 24
70 61
42 85
34 66
51 99
87 43
55 89
95 3
41 5
47 33
100 2
63 27
71 25
57 80
96 93
8 48
50 84
79 16
43 17
62 38
81 17
48 38
98 76
100 54
68 45
18 61
9 10
70 67
83 19
61 72
9 30
16 33
41 91
2 44
40 32
94 58
27 92
6 89
38 86
46 34
52 92
87 58
64 1
97 46
76 65
47 38
37 17
12 91
49 46
67 80
86 87
21 20
91 63
59 55
43 81
58 74
39 10
20 7
57 68
1 32
68 19
14 75
12 59
14 7
84 64
14 37
4 59
39 34
33 62
60 63
94 4
54 90
98 77
69 55
44 21
6 85
86 91
81 24
83 76
2 65
27 95
36 34
56 30
80 73
43 50
6 57
57 44
3 95
56 64
80 55
32 20
8 74
74 20
22 14
56 55
20 36
12 47
61 95
33 21
13 83
61 6
43 35
56 42
63 15
19 74
37 93
29 25
34 43
39 63
39 87
85 16
44 3
37 99
68 74
93 84
94 33
53 50
43 8
77 76
68 23
55 13
37 87
73 30
96 85
54 90
89 63
49 11
27 49
87 20
49 38
45 33
44 2
86 26
93 30
98 7
51 96
33 29
48 73
75 77
27 35
38 35
1 53
5 90
8 37
65 75
64 92
14 43
61 50
89 81
3 53
20 28
78 85
40 91
3 21
60 78
6 39
61 13
72 25
78 73
3 18
48 2
13 56
73 50
80 53
2 24
8 40
93 35
32 31
53 86
18 48
37 97
72 60
3 31
6 9
5 94
22 57
43 76
67 3
24 93
10 100
39 92
20 32
28 30
40 74
9 78
82 13
64 19
42 99
46 21
85 46
86 39
81 100
84 38
70 50
63 47
62 10
51 90
63 46
98 25
43 76
75 24
19 87
10 67
82 87
98 62
46 5
26 86
34 56
44 26
9 90
96 42
46 93
97 68
25 61
27 59
23 16
12 75
100 67
47 67
15 79
31 40
2 62
3 82
80 66
81 49
63 53
57 50
87 69
88 99
92 70
82 85
92 97
92 98
5 57
65 35
76 16
50 41
56 10
6 88
64 88
61 57
82 96
20 81
85 86
52 34
96 91
36 74
54 26
58 8
31 62
33 69
2 59
51 11
43 82
40 45
40 69
80 56
75 45
69 41
43 91
9 6
40 10
54 80
60 95
8 73
24 45
68 67
73 21
6 70
98 68
24 59
76 91
99 88
76 95
86 61
2 68
87 47
81 35
100 14
40 43
78 53
36 24
57 20
33 35
94 99
7 69
1 2
38 100
67 73
42 54
99 58
80 55
90 81
87 36
66 76
74 54
65 30
69 63
78 99
16 24
27 64
87 98
60 72
25 82
44 25
42 57
77 34
47 88
8 60
32 58
43 9
72 49
53 12
4 100
2 26
32 5
47 59
90 65
8 71
52 57
94 47
91 47
34 32
90 89
31 96
39 1
96 68
72 79
74 79
21 75
27 78
34 57
91 34
66 22
44 80
68 37
55 88
95 73
51 25
63 38
32 65
93 28
38 83
67 71
66 30
1 56
28 16
54 29
54 84
99 25
7 89
46 38
14 69
65 61
85 11
78 87
55 20
52 32
39 85
14 91
37 38
1 51
26 71
73 12
32 52
83 17
13 28
18 7
72 68
67 84
7 28
9 10
23 91
68 79
27 91
55 69
19 87
73 83
31 65
16 43
18 76
61 84
68 61
49 42
49 100
58 63
12 37
70 53
8 15
35 94
7 38
50 93
7 27
13 16
65 73
6 88
33 76
24 85
93 65
62 63
52 32
58 57
2 29
71 77
89 23
27 52
39 63
21 43
14 45
76 94
89 1
79 52
27 32
36 67
53 83
45 78
63 23
53 87
3 55
57 4
10 2
14 5
98 78
64 66
39 12
91 75
87 18
57 61
11 63
39 53
66 68
27 17
12 59
73 52
20 74
41 36
7 50
7 54
89 67
52 59
97 41
4 99
72 90
4 58
96 87
91 2
40 92
27 49
37 23
81 27
68 28
3 97
41 54
87 85
56 25
86 17
92 57
91 60
60 65
18 30
19 1
80 37
95 85
91 33
56 84
86 54
100 66
92 57
50 98
87 72
11 41
88 82
29 11
45 91
85 93
58 40
61 29
62 27
2 91
88 69
71 90
7 49
57 3
65 22
53 11
24 69
63 75
93 51
35 26
60 22
87 60
71 15
54 46
25 47
11 6
86 10
33 21
57 28
83 85
61 31
85 100
26 89
6 99
93 8
58 24
85 38
57 42
67 69
25 84
56 43
51 58
75 53
82 19
44 81
10 37
66 5
50 85
46 97
84 31
47 30
20 13
56 92
59 64
30 77
3 8
7 52
7 8
17 78
79 43
77 91
76 77
24 7
76 90
93 22
1 20
8 72
5 29
39 51
5 1
32 76
56 26
66 56
20 73
83 99
54 32
6 84
21 32
68 37
35 87
50 34
5 6
48 26
36 55
28 41
5 82
17 7
1 77
95 53
42 69
26 38
8 67
2 26
61 37
70 16
83 44
9 37
46 97
51 4
44 2
26 32
95 41
96 45
58 54
81 19
13 74
75 32
89 96
94 69
6 35
31 74
65 21
45 99
55 6
28 54
99 86
6 83
93 100
21 33
73 55
24 20
54 47
99 70
34 89
9 15
14 36
87 54
42 87
74 40
65 48
8 23
15 1
33 32
71 77
38 87
27 71
50 48
79 10
36 14
66 13
11 83
93 33
40 93
97 48
22 97
83 87
6 28
38 77
98 58
21 26
99 27
64 76
70 11
67 75
43 96
15 93
35 28
59 48
27 53
87 19
38 26
29 91
19 73
15 17
73 69
65 98
50 6
14 6
69 36
71 37
49 55
83 84
83 99
80 100
1 38
60 54
41 7
64 63
99 7
25 43
54 90
86 11
47 27
6 50
1 90
35 78
12 2
52 91
97 21
46 50
94 46
37 7
82 72
91 62
35 43
31 61
20 53
4 99
50 6
10 6
36 99
27 20
20 16
25 74
99 19
78 39
66 43
2 74
38 55
58 80
4 42
24 89
5 16
28 90
22 20
56 64
59 96
73 91
30 38
39 87
89 35
17 27
92 34
8 10
5 49
20 32
51 35
