100 100 2000 345
1 62 27
1 60 867
1 7 727
1 84 233
1 83 452
1 91 355
1 52 492
1 81 672
1 47 753
1 55 751
1 74 781
1 40 815
1 43 567
1 13 486
1 18 653
1 49 338
1 17 797
1 93 642
1 29 204
1 87 241
1 3 762
1 48 775
1 54 7
1 25 469
1 86 961
1 24 415
1 61 394
1 41 149
1 72 715
1 80 319
1 71 47
1 98 854
1 12 235
1 42 19
1 79 886
1 100 301
1 8 826
1 57 313
1 20 959
1 37 131
1 88 987
1 95 585
1 45 816
1 73 490
1 36 442
1 21 648
1 39 80
1 99 910
1 10 579
1 50 727
1 67 935
1 34 617
1 26 79
1 69 880
1 56 157
1 22 841
1 33 974
1 4 873
1 28 173
1 32 849
1 90 909
1 16 147
1 85 624
1 2 744
1 46 162
1 35 951
1 15 117
1 82 242
1 94 150
1 6 544
1 96 53
1 59 209
1 66 265
1 30 426
1 5 11
1 89 746
1 11 323
1 31 613
1 19 638
1 63 672
1 76 20
1 68 275
1 64 741
1 65 596
1 58 207
1 27 318
1 51 856
1 53 268
1 75 886
1 38 3
1 14 25
1 77 502
1 23 187
1 97 930
1 70 974
1 9 518
1 78 867
1 92 781
1 44 319
2 91 437
72 30
41 58
85 35
89 41
45 54
54 16
68 58
72 24
20 79
23 51
93 39
69 89
7 100
77 98
88 67
34 54
40 6
96 99
27 86
52 82
4 43
81 6
91 84
34 99
24 68
98 64
22 84
64 8
12 10
7 50
16 6
91 37
95 14
12 96
30 47
91 10
81 88
20 17
57 24
9 41
57 15
22 95
78 66
95 25
48 12
66 1
18 52
78 4
16 97
74 43
19 45
39 48
12 34
55 82
25 38
5 52
1 48
37 76
95 33
58 29
56 37
46 42
63 76
52 49
68 88
52 48
11 68
21 4
60 32
12 94
90 84
14 50
14 96
51 42
25 50
85 44
51 32
23 99
74 75
33 28
52 72
100 2
39 38
17 53
69 80
2 42
66 43
75 55
97 45
29 57
73 13
77 88
74 14
50 88
84 40
55 5
45 100
90 94
95 56
7 64
82 92
8 13
98 28
12 80
92 14
17 44
70 9
4 43
38 76
32 62
9 35
61 16
35 71
60 4
97 84
54 45
41 50
82 99
15 38
13 74
97 39
6 73
97 84
2 81
74 78
41 55
18 68
16 90
35 34
72 60
58 43
74 95
11 75
53 61
25 4
22 42
47 92
21 16
64 92
60 14
92 83
70 49
16 40
63 38
50 22
93 85
27 97
59 54
9 13
15 76
4 68
54 87
80 87
86 32
23 83
21 52
65 94
10 17
48 40
66 76
5 80
57 93
48 72
80 12
70 91
78 10
50 33
38 13
9 64
5 26
82 97
8 91
1 96
83 58
66 91
54 30
68 80
45 98
57 27
44 91
14 15
44 80
86 6
70 77
64 17
14 61
6 36
50 47
23 25
86 47
6 37
71 86
67 88
21 37
83 60
81 56
83 99
2 39
78 41
56 95
84 45
59 66
49 86
70 42
45 91
65 45
98 11
55 90
6 41
34 77
60 43
43 10
45 68
22 11
36 54
49 9
69 23
73 78
50 74
65 25
26 89
31 37
82 57
87 3
50 21
92 73
88 35
28 59
83 60
4 24
63 60
7 30
9 57
71 19
33 91
37 14
85 58
93 41
24 23
27 46
45 44
91 56
90 52
58 76
46 85
18 12
62 52
44 88
21 57
31 63
76 94
59 23
99 28
39 10
21 14
93 25
76 27
99 70
17 89
13 64
48 29
81 17
36 100
46 72
42 73
85 40
5 9
13 69
59 74
33 51
73 37
48 44
98 7
70 35
99 74
87 84
79 60
62 35
70 87
70 31
51 23
95 48
31 4
34 19
38 67
63 70
96 34
82 73
72 39
50 94
88 38
27 19
60 67
80 25
60 93
77 5
30 27
77 44
59 10
69 47
71 27
1 38
51 56
78 37
41 8
44 26
30 76
58 31
49 37
63 65
35 39
10 100
2 48
6 76
31 2
39 4
56 74
77 64
5 67
87 35
100 32
72 35
37 26
19 51
23 53
28 47
17 9
75 87
22 6
45 15
14 53
10 34
46 68
14 83
82 55
11 77
10 35
89 78
82 95
20 67
37 42
21 40
85 65
72 59
77 92
34 79
82 36
80 90
64 43
65 97
98 32
91 63
94 55
87 98
89 63
70 64
92 68
40 50
87 39
76 1
71 38
25 65
100 71
82 36
24 2
33 21
17 99
74 18
80 18
86 78
76 57
52 67
71 32
59 30
85 4
33 19
69 94
75 33
71 33
46 19
20 29
50 33
36 27
95 83
29 77
2 16
8 79
73 29
63 94
18 22
90 87
84 17
2 68
62 41
2 46
88 72
88 30
80 98
97 7
47 3
90 3
45 87
74 9
78 8
50 16
15 26
93 80
15 29
47 98
1 48
8 68
34 100
37 3
97 90
44 84
14 13
61 25
49 45
15 52
84 85
95 57
93 87
84 15
24 93
72 91
41 28
62 88
19 39
56 78
18 47
95 54
81 53
66 81
64 55
25 84
57 44
91 75
38 13
78 55
72 46
90 51
83 44
20 23
37 95
73 69
45 53
60 53
80 74
84 60
85 8
11 10
24 47
61 18
78 64
24 99
78 73
40 5
7 58
31 76
70 64
93 80
77 14
88 67
88 92
79 78
27 68
94 51
90 57
16 27
47 98
9 67
4 74
44 98
32 5
99 94
42 94
5 32
44 54
39 54
50 79
90 28
62 50
19 42
19 22
59 26
80 36
10 91
84 50
44 76
77 91
71 36
16 5
99 68
27 94
85 21
44 64
25 22
60 54
33 47
12 66
56 20
80 45
54 79
29 58
52 40
15 1
88 97
36 56
44 49
97 4
73 74
24 45
93 24
11 19
9 87
98 81
67 70
63 16
54 27
88 80
35 44
16 22
11 49
77 1
25 24
51 90
62 93
57 10
80 29
23 73
43 65
63 50
24 77
13 55
90 95
29 31
91 83
71 9
82 40
83 75
46 68
73 76
51 6
39 5
10 23
31 92
45 7
13 53
13 1
85 3
17 45
61 52
70 67
39 9
35 53
84 66
18 9
96 95
93 55
78 76
90 10
52 76
24 62
80 29
24 42
24 38
80 29
15 37
56 43
55 4
13 64
88 16
73 92
51 41
76 74
20 56
100 60
35 5
87 34
66 40
40 16
40 54
68 84
61 99
84 100
64 63
31 13
6 27
6 27
100 94
22 46
95 29
46 14
9 88
99 88
98 33
13 32
82 41
45 34
88 71
36 48
35 53
28 23
10 13
36 49
47 34
70 59
78 34
49 65
11 77
68 18
84 68
33 53
90 13
34 44
61 19
4 92
98 74
21 36
11 51
17 24
70 5
33 83
89 55
13 86
20 72
67 5
5 42
47 65
10 42
97 6
13 37
86 30
74 73
98 8
97 64
57 48
27 4
68 32
4 70
74 83
43 84
54 41
15 21
90 98
16 14
92 26
48 89
33 13
84 74
91 16
56 39
70 39
93 11
87 17
53 47
52 54
100 38
25 46
40 13
85 7
26 91
19 93
61 81
80 26
16 31
87 51
35 70
54 62
37 11
35 65
69 55
61 14
34 54
5 11
72 94
28 88
31 97
68 5
100 6
70 98
86 15
53 5
88 28
45 18
7 23
3 48
18 34
4 79
29 87
83 44
48 40
85 31
14 22
87 25
75 29
79 98
63 89
54 39
45 24
60 99
31 59
44 59
9 3
17 74
64 93
35 23
37 28
90 6
57 15
100 69
23 87
50 26
45 100
9 11
11 28
89 58
66 38
62 43
48 3
30 95
60 72
63 75
4 85
52 22
20 27
28 31
42 70
62 74
75 26
84 6
1 41
27 58
18 12
77 27
29 90
68 13
14 6
48 43
32 58
92 90
47 96
84 94
67 61
12 26
91 36
79 24
48 86
7 11
74 71
26 17
88 40
6 57
78 75
88 16
58 24
89 58
10 42
62 70
26 12
11 43
76 86
33 44
21 79
58 34
51 8
84 9
55 17
86 59
35 78
25 92
32 70
67 90
51 97
61 92
50 77
86 32
55 53
18 7
56 61
83 35
17 79
20 52
32 10
79 97
88 18
86 20
87 20
46 67
3 40
18 73
4 85
20 18
72 41
11 74
60 43
32 59
72 73
3 65
24 52
96 41
21 5
79 67
60 90
15 11
26 58
55 83
33 58
60 51
71 16
89 74
5 94
44 20
24 45
33 71
59 49
10 62
72 49
24 54
68 36
80 6
81 29
66 2
63 57
42 59
63 45
49 9
90 81
55 90
42 60
39 22
37 3
29 48
49 29
25 82
54 45
56 38
31 44
66 87
8 99
45 15
57 27
35 20
17 85
92 25
14 10
69 19
47 94
44 60
75 62
50 7
48 93
96 41
16 75
22 12
62 93
76 41
32 58
57 6
70 79
34 99
81 52
70 30
65 59
12 91
2 47
22 63
32 89
30 13
50 59
27 76
18 61
32 5
43 13
98 40
64 85
76 69
21 81
32 30
24 42
8 56
15 42
37 84
87 12
14 53
19 52
59 18
46 40
58 68
65 77
14 71
78 93
71 51
66 52
55 67
65 76
5 68
19 68
99 98
1 5
70 85
81 44
8 64
70 83
94 73
33 4
25 17
56 59
37 69
89 17
91 41
53 85
9 57
22 99
48 61
84 70
21 93
7 98
61 97
97 41
72 5
91 70
20 42
22 41
73 71
40 90
88 53
36 24
6 3
15 61
32 40
52 26
26 35
97 1
12 34
48 79
70 89
97 19
84 15
33 24
12 90
59 65
71 96
83 13
97 91
92 52
55 46
10 16
42 37
80 52
40 56
78 44
17 6
65 72
26 52
6 56
9 85
29 41
1 54
68 36
20 74
54 50
15 11
3 41
49 95
81 49
48 78
94 99
5 88
4 46
88 72
42 82
92 60
51 20
33 34
45 40
17 98
91 25
17 51
25 100
25 40
95 28
1 93
83 92
54 60
8 57
84 62
100 49
75 31
69 57
88 75
60 69
83 43
22 68
75 13
9 59
17 92
24 49
63 60
55 26
74 91
26 32
33 3
48 50
43 53
58 18
6 57
58 76
54 60
6 58
85 11
36 5
5 49
75 88
95 59
91 86
50 33
28 36
3 17
51 3
77 97
79 82
87 71
59 81
48 17
20 34
7 51
31 71
40 92
48 6
36 79
20 29
25 54
37 89
79 67
99 40
5 10
53 29
46 39
96 41
11 51
4 84
16 86
27 36
96 87
19 66
77 94
6 29
25 2
97 47
2 75
24 99
27 75
59 55
2 29
12 13
64 46
39 15
17 61
72 53
3 86
2 37
92 37
65 57
92 99
41 54
98 1
81 97
28 60
43 13
17 82
9 10
72 77
57 20
66 26
37 38
87 46
69 36
6 49
26 30
85 49
33 53
32 30
7 13
91 10
29 35
73 27
31 82
63 52
75 37
59 58
95 23
49 91
99 74
26 61
71 90
19 77
52 37
91 27
15 73
41 1
43 62
61 27
98 24
52 39
86 8
72 54
29 77
9 45
29 83
27 71
54 99
36 38
12 40
84 15
70 48
2 98
12 60
43 6
11 1
4 70
48 16
35 38
49 13
27 79
91 14
74 63
11 77
70 12
50 8
13 29
18 39
7 66
66 46
53 83
98 28
70 83
57 88
59 47
65 74
51 80
62 56
8 45
10 83
40 46
61 5
71 27
59 68
89 20
2 12
6 8
98 71
10 65
81 28
14 63
66 21
46 20
71 73
50 3
14 18
75 20
44 24
23 30
80 73
19 32
71 59
1 21
15 46
45 19
42 49
1 5
71 32
56 9
74 27
14 50
43 67
12 100
50 56
95 61
34 22
96 69
55 25
31 38
68 21
20 77
11 57
5 71
36 62
1 21
35 55
9 78
62 55
68 24
58 83
9 81
97 88
27 29
31 26
11 58
34 38
48 82
38 81
81 3
10 66
51 28
87 94
35 72
96 36
54 39
65 70
73 33
60 30
27 40
76 55
46 24
42 95
39 53
65 17
14 43
97 73
28 8
69 100
33 43
76 37
56 41
43 3
74 65
24 8
56 59
69 71
43 41
61 36
42 91
55 59
40 95
89 73
25 49
40 95
85 50
94 9
76 69
54 4
72 54
30 35
21 50
24 51
3 60
25 50
37 14
89 56
65 20
14 29
47 86
26 68
40 24
78 8
59 13
68 56
38 41
16 32
41 17
45 58
92 59
45 40
29 83
19 51
30 17
45 87
17 20
60 71
34 96
45 86
92 77
93 44
68 58
4 89
29 92
1 88
55 80
76 16
3 16
22 46
99 11
62 7
67 8
3 90
17 31
52 13
8 26
44 24
40 78
15 30
38 27
36 50
37 41
36 63
56 67
70 87
92 73
42 93
14 50
13 78
12 62
55 60
25 72
46 48
49 41
8 17
2 42
53 56
57 81
15 17
57 84
98 40
74 15
47 31
25 61
91 62
72 28
87 32
10 73
25 26
58 52
42 1
92 62
61 18
89 9
76 58
95 94
88 61
52 37
6 4
98 99
56 70
25 86
52 96
15 31
88 30
59 28
28 78
60 50
72 31
79 3
73 66
32 89
60 71
67 47
68 43
64 52
50 78
60 44
66 42
76 47
33 63
59 74
54 22
76 69
8 58
27 36
10 78
53 78
14 83
4 42
85 98
42 65
7 77
56 91
76 30
55 10
99 83
49 95
9 3
66 52
60 86
32 40
65 95
5 25
39 27
86 61
26 34
11 73
43 50
75 89
77 79
75 41
2 88
52 1
74 78
90 46
3 73
24 29
80 2
14 43
5 40
33 94
82 71
3 19
33 100
12 2
5 48
63 37
20 59
45 95
56 83
2 61
94 100
41 88
39 38
36 9
64 53
11 51
16 68
16 43
26 63
63 41
10 42
18 9
36 38
13 36
88 44
61 62
81 33
85 16
86 26
46 4
98 21
45 66
48 95
8 10
89 92
83 66
72 9
100 57
16 20
84 74
90 68
52 53
6 24
16 92
96 72
66 12
69 53
76 78
37 23
14 3
58 19
98 46
7 9
48 42
21 89
33 71
74 29
33 58
65 23
88 39
1 32
77 58
48 15
6 86
24 11
29 28
16 2
63 71
54 66
59 39
66 59
3 21
61 25
3 70
90 36
74 68
74 3
4 11
74 48
32 34
24 60
14 83
58 78
11 7
56 42
91 29
70 2
98 61
99 11
19 34
6 62
64 47
47 55
64 30
29 82
57 68
75 94
92 35
1 13
81 14
35 50
22 50
79 28
43 77
54 28
41 62
100 46
97 27
21 32
63 20
90 38
14 12
44 19
71 49
14 56
90 75
7 39
90 8
33 75
57 89
97 67
90 67
26 97
30 67
45 98
27 30
9 51
29 13
2 5
13 77
20 14
83 59
70 99
13 92
11 62
96 99
29 17
90 76
74 21
98 26
18 70
100 97
14 55
28 58
91 40
52 2
94 71
33 48
54 69
80 77
85 77
18 72
85 87
38 74
72 43
39 23
55 64
93 37
62 30
90 61
26 40
28 45
16 10
80 23
57 94
48 100
67 50
2 48
91 29
91 19
47 70
60 98
63 42
16 100
97 52
27 46
52 64
65 27
87 1
13 75
28 59
7 11
49 97
13 84
64 42
94 69
81 65
64 58
91 9
20 99
40 37
95 21
69 79
73 43
14 21
45 93
72 14
43 56
93 82
45 33
77 39
2 23
76 21
12 55
93 12
21 8
80 37
72 49
86 18
64 29
53 8
19 63
73 72
6 64
29 61
49 73
54 53
46 71
95 97
29 41
2 45
71 3
81 43
8 31
45 58
20 70
18 93
14 75
58 88
26 68
89 45
99 21
31 32
72 95
28 67
78 8
56 14
77 50
77 34
41 64
58 80
64 80
14 90
66 76
91 30
54 66
97 22
83 9
51 31
11 77
68 42
16 1
67 39
62 88
97 9
61 69
56 35
46 52
56 88
14 84
30 16
23 57
53 25
63 91
1 76
88 85
69 90
61 67
83 56
75 99
94 18
47 93
28 72
68 93
52 40
3 64
70 20
44 25
93 78
30 29
41 98
64 56
3 68
17 9
55 49
64 7
77 87
57 52
34 91
6 74
10 93
75 53
3 49
5 94
59 78
2 60
51 78
7 12
33 4
41 6
23 76
35 89
30 42
84 87
95 30
17 98
12 40
91 10
13 27
30 56
71 90
47 97
25 97
2 29
66 76
93 5
11 73
38 56
2 71
35 68
99 95
15 55
50 74
80 36
13 57
59 84
18 56
29 53
43 57
100 74
4 12
54 27
65 36
94 65
54 65
71 50
90 29
36 63
37 90
31 20
97 50
80 73
62 2
4 46
16 99
4 45
94 84
19 46
28 24
89 87
60 18
33 34
83 14
99 47
57 33
92 67
66 39
49 63
54 50
95 23
87 21
10 3
45 80
40 56
85 83
53 77
96 35
67 92
23 49
11 8
44 69
66 29
2 18
38 5
60 10
73 41
87 12
20 98
4 13
81 88
49 40
61 56
15 49
30 72
33 90
18 95
29 10
13 56
9 57
1 95
74 59
16 91
2 20
38 18
10 14
8 58
93 11
22 18
69 23
43 69
55 59
35 58
23 31
66 100
21 47
99 74
24 50
50 48
36 42
70 13
12 65
61 10
47 86
58 52
56 93
52 16
3 37
93 26
28 17
24 52
12 96
47 44
5 98
98 76
74 68
52 100
83 81
79 71
43 85
77 68
16 11
17 80
3 22
25 16
77 31
89 72
48 49
65 93
42 62
88 41
93 70
10 21
27 7
85 25
79 100
10 27
14 34
89 26
92 32
93 18
99 27
6 58
88 35
75 58
16 57
57 31
33 2
66 19
10 85
10 3
17 43
11 92
67 55
39 52
68 34
22 92
8 6
56 82
10 99
94 96
81 14
77 48
62 5
55 53
86 28
48 57
82 12
50 47
31 67
25 68
7 13
53 26
19 61
87 67
91 53
80 75
56 64
79 59
33 84
15 93
36 46
93 85
78 80
56 48
22 78
59 6
72 67
29 83
34 2
17 6
76 71
11 27
44 53
6 74
62 32
67 17
17 79
53 23
36 23
94 73
92 41
86 34
31 97
92 33
70 31
10 81
22 29
73 53
8 32
45 55
32 71
35 100
91 2
38 4
89 81
30 63
83 93
28 18
85 30
34 79
33 60
71 99
74 14
19 7
6 48
47 11
22 77
9 26
20 26
93 56
21 38
57 94
57 5
17 27
7 8
23 18
8 88
98 44
98 45
2 6
1 100
26 31
16 100
72 29
61 47
24 17
69 17
20 66
56 33
56 48
12 84
3 43
57 12
97 79
64 55
68 98
60 42
86 62
82 12
73 84
66 91
43 4
6 21
54 93
51 66
44 99
94 14
28 85
80 84
35 48
54 30
17 86
63 26
65 18
68 79
53 31
22 25
97 53
12 73
89 98
85 74
10 29
75 31
87 83
36 55
72 30
46 62
12 86
25 31
22 45
81 70
64 98
59 37
68 71
21 91
