100 200 2000 808
36 99 193
8 87 477
25 30 226
3 79 202
37 74 893
47 4 550
29 49 95
63 83 983
94 39 660
51 48 534
89 29 930
13 54 866
34 15 948
41 58 847
53 22 939
62 49 800
33 68 983
45 100 814
26 45 267
70 59 224
100 9 520
26 93 592
75 48 990
33 51 136
50 52 490
72 5 282
61 26 341
96 30 506
11 86 482
10 89 798
94 16 428
22 13 422
32 98 28
94 84 562
80 4 303
47 6 480
4 78 863
72 41 901
15 86 400
46 58 962
67 66 911
68 94 271
63 5 830
98 71 345
95 14 350
57 66 331
32 12 114
7 81 751
35 29 196
25 27 659
39 54 378
72 1 831
91 100 995
46 31 506
55 41 922
53 90 455
6 97 981
20 42 111
97 67 171
61 68 972
6 10 702
11 94 102
2 8 928
73 21 163
19 75 623
32 36 626
74 54 720
6 39 148
17 12 335
100 2 889
79 52 765
28 63 37
69 43 636
27 18 943
74 25 600
12 89 381
4 59 807
58 21 363
48 24 834
96 28 846
38 6 46
51 7 430
77 87 271
64 43 785
66 3 508
5 56 922
82 30 893
4 44 871
85 97 456
10 64 904
8 60 474
58 14 828
76 29 31
60 20 116
2 92 447
96 65 970
1 40 239
29 88 273
23 32 313
60 19 485
88 16 701
34 93 682
92 68 865
75 47 603
72 62 306
18 99 457
42 61 942
4 13 368
90 6 474
66 88 659
57 87 444
11 72 687
78 92 484
22 68 567
91 69 757
7 73 157
13 28 813
87 56 770
79 82 188
57 23 620
100 98 675
73 77 450
16 74 616
29 17 545
72 48 664
41 74 668
43 15 452
16 34 229
93 100 198
98 6 160
29 2 553
34 77 222
51 52 694
70 64 543
20 10 272
97 79 789
89 8 232
84 57 122
72 65 7
47 31 317
31 17 27
17 56 734
16 89 969
42 21 593
13 80 542
38 29 267
42 64 456
13 17 684
4 25 287
22 83 466
51 14 391
78 88 20
92 98 51
3 64 429
60 78 752
13 98 439
23 83 394
23 98 545
43 36 45
24 46 18
12 90 803
5 32 335
75 63 15
45 12 647
79 29 163
36 73 142
79 94 454
74 34 881
42 25 631
24 63 694
37 44 799
21 8 921
50 2 196
97 28 501
86 78 177
92 67 638
24 69 127
1 20 790
84 81 787
54 34 254
48 25 843
42 37 585
37 79 665
5 18 183
72 23 78
52 21 187
44 39 538
54 88 302
55 99 402
36 77 924
58 35 948
50 90 337
18 96 839
73 14 234
32 68 243
36 37 5
40 6 785
49 19 354
92 79 249
9 56 675
70 34
96 7
88 82
56 19
21 46
26 62
68 50
77 30
98 78
40 98
80 52
84 11
18 71
89 37
24 58
99 82
23 55
33 16
87 43
4 74
47 28
36 87
76 49
43 29
12 71
65 70
49 61
74 90
19 91
49 34
36 95
6 59
83 97
14 15
20 47
92 41
13 4
61 89
65 68
40 8
36 76
68 37
56 18
60 53
89 94
57 81
54 43
83 14
17 87
54 85
14 62
23 95
58 11
36 41
8 66
57 2
49 92
43 11
44 100
63 14
70 10
72 98
54 20
58 61
37 59
73 15
96 86
4 81
96 41
43 86
95 75
40 77
26 61
31 33
13 60
39 84
17 29
78 46
36 34
23 71
53 8
95 93
48 81
64 24
70 4
79 20
48 93
67 1
80 100
56 36
90 85
14 99
92 37
50 96
56 47
34 66
45 18
46 8
98 77
41 10
68 97
7 68
15 60
9 38
58 64
52 74
50 36
51 46
41 39
40 54
92 87
20 59
33 81
36 47
2 39
40 75
59 79
88 67
40 80
38 87
51 82
27 82
41 22
87 79
42 54
5 19
83 34
81 13
20 62
35 3
75 23
67 81
23 67
57 84
27 77
49 21
25 37
21 33
97 3
67 94
46 96
92 22
7 69
92 82
50 42
8 1
80 71
44 71
69 1
13 96
11 46
85 75
49 19
49 45
24 62
70 77
38 90
45 64
71 97
17 7
70 56
55 71
45 99
51 1
38 36
86 49
82 10
38 33
9 18
12 55
77 27
47 55
32 2
89 25
70 6
24 22
61 42
30 53
34 63
61 32
55 95
6 64
82 89
57 37
19 69
50 94
57 46
33 93
88 38
81 44
76 1
27 1
92 13
80 21
58 35
39 74
36 9
67 89
17 2
60 51
25 34
26 88
71 22
75 19
70 63
12 92
36 54
62 96
4 53
74 7
1 46
99 62
25 14
11 97
64 18
24 62
1 74
24 59
70 13
80 50
69 30
12 98
35 76
53 59
33 29
66 4
56 17
25 87
90 9
33 65
12 55
76 44
50 48
51 90
83 78
78 27
57 18
67 10
8 5
87 76
80 23
29 85
72 1
22 66
90 76
42 36
51 76
71 85
1 28
46 11
50 31
9 3
32 14
97 84
95 11
41 92
54 9
66 74
58 27
74 100
29 97
60 51
49 14
4 73
45 80
38 99
30 96
62 74
77 3
98 41
77 57
23 62
70 40
84 3
25 60
24 39
50 96
15 2
31 7
33 56
100 29
89 57
77 12
92 64
82 28
70 4
82 18
44 93
48 27
20 96
44 68
47 79
13 2
65 93
83 48
75 12
24 57
27 82
73 13
99 65
68 75
100 71
47 78
90 87
67 4
62 61
23 27
99 41
49 21
40 89
76 37
54 86
33 35
12 28
61 62
43 32
52 71
16 35
62 61
21 91
77 71
27 83
57 75
37 8
45 96
19 87
25 29
38 45
11 1
94 45
24 43
78 21
16 69
14 26
26 34
17 94
10 85
85 38
64 87
34 33
86 4
13 74
10 79
98 28
58 19
80 18
93 32
13 1
68 25
46 98
51 42
82 1
62 8
13 29
33 17
98 89
61 21
71 22
76 73
57 2
7 82
18 50
21 58
51 41
25 74
22 42
2 57
99 37
98 40
46 83
55 43
11 100
66 93
94 37
73 100
65 20
41 100
7 95
30 45
62 21
81 44
72 99
20 25
6 39
24 94
34 48
5 16
72 85
30 87
81 98
31 75
2 87
25 86
4 16
26 30
76 66
57 7
40 62
91 37
94 17
88 37
6 18
48 62
73 8
96 55
72 47
17 35
100 5
66 90
25 33
46 10
82 76
89 13
98 26
77 39
39 92
8 73
25 71
11 61
67 100
57 60
30 58
84 60
42 19
28 56
12 73
13 33
12 2
50 67
69 82
39 35
90 85
84 83
88 100
14 59
73 3
21 81
66 77
31 58
89 32
72 14
56 59
40 21
35 2
40 7
25 16
44 34
86 66
89 7
27 7
26 14
11 42
73 39
63 67
55 40
52 56
33 84
91 56
50 39
50 64
21 63
15 48
58 33
36 3
4 62
15 33
69 57
34 76
47 97
82 61
24 81
45 3
5 29
31 76
47 7
43 57
40 48
83 27
3 1
98 27
79 96
50 63
19 11
74 95
7 37
97 91
63 17
77 55
16 59
41 58
99 25
75 9
62 80
83 5
84 53
96 92
83 86
25 47
15 2
31 19
69 48
47 18
40 37
76 26
95 2
70 16
96 47
85 95
72 45
77 94
86 64
51 65
22 29
2 82
62 57
37 33
28 46
74 97
56 55
2 28
5 58
49 58
73 37
18 97
76 26
88 90
38 59
17 58
76 75
96 36
83 65
95 30
64 79
32 54
83 20
97 40
45 94
88 72
81 73
63 95
29 54
95 14
31 78
71 76
42 88
71 49
29 10
63 5
20 57
66 35
13 23
22 41
55 81
48 36
69 58
46 63
15 39
56 38
81 27
93 36
94 34
40 65
57 41
79 59
72 43
72 46
54 51
26 94
72 89
37 28
69 31
13 38
31 98
16 42
75 15
87 59
83 3
87 37
24 32
24 57
39 77
45 97
32 39
4 57
41 63
26 93
21 27
14 95
85 92
19 35
22 8
39 40
49 31
24 3
60 47
90 34
32 22
44 25
14 26
52 7
46 29
97 92
93 87
87 90
3 86
4 41
16 20
75 77
93 38
43 53
77 63
78 7
91 29
66 85
44 56
60 69
38 10
5 34
23 24
93 29
25 27
49 65
37 84
29 95
63 14
73 8
59 15
37 91
1 3
86 28
72 67
76 69
48 86
18 29
89 51
93 90
100 55
59 99
37 42
23 60
40 83
98 75
18 3
40 21
47 69
53 25
59 14
69 91
36 90
54 93
85 78
76 93
12 6
53 57
96 48
83 33
80 24
83 67
28 84
94 70
81 24
39 69
86 13
62 79
23 7
71 86
78 5
100 60
88 54
75 52
12 10
36 5
74 22
17 16
44 19
12 38
40 71
6 12
2 49
70 67
92 95
12 33
33 84
79 38
64 43
45 10
10 39
68 72
93 92
58 46
66 69
77 18
44 16
62 14
27 76
26 71
40 84
96 67
15 57
45 89
12 5
31 36
74 33
30 35
87 96
95 29
20 37
26 50
66 13
42 25
77 86
2 37
54 56
71 68
76 46
52 83
27 59
3 54
79 72
83 84
55 11
97 43
11 20
87 45
84 1
26 82
81 57
95 53
33 28
88 23
59 18
99 64
40 39
69 66
63 2
25 84
47 41
62 59
91 80
31 41
97 50
47 74
7 30
54 9
17 56
57 77
69 81
97 68
68 99
11 49
58 4
77 55
82 37
23 79
25 71
21 7
41 22
52 83
25 8
24 34
31 45
65 34
51 98
89 93
28 52
61 25
58 11
90 63
57 100
48 94
99 35
51 4
19 64
84 55
70 16
72 24
22 80
99 11
57 7
94 66
79 10
72 66
20 21
86 62
73 56
29 42
91 41
7 74
34 50
26 69
47 67
69 83
19 31
27 71
31 40
9 55
65 78
97 60
67 24
96 68
88 45
16 50
20 13
81 13
51 98
24 56
18 8
59 69
56 60
89 22
75 9
72 95
73 78
26 30
91 8
96 62
12 20
8 47
25 30
3 12
89 44
92 37
29 19
12 41
42 60
94 41
13 44
57 20
6 76
43 31
44 36
44 93
8 26
15 88
9 84
89 33
25 27
20 78
60 74
14 45
36 86
24 31
3 37
24 47
46 45
22 48
96 13
41 42
81 23
35 99
42 33
14 39
72 23
71 38
30 41
92 18
83 78
16 14
87 82
64 44
40 98
15 54
82 51
90 64
36 75
79 78
6 20
88 55
40 31
16 43
88 64
38 29
31 71
9 48
54 2
16 62
80 91
1 24
74 68
20 56
43 29
55 85
69 10
26 3
70 86
34 81
75 66
86 23
29 36
55 23
26 99
25 96
57 84
15 40
54 73
60 16
70 98
17 62
4 40
4 17
81 46
91 4
59 57
96 39
78 8
9 84
6 11
75 23
36 76
90 79
40 25
14 69
54 37
54 14
89 5
25 95
58 12
3 15
35 83
56 14
88 63
52 56
99 53
65 3
40 69
97 49
11 47
81 67
88 58
88 41
78 94
16 66
37 12
98 4
43 44
71 51
34 13
55 63
41 63
74 25
22 63
25 100
92 20
25 76
12 41
45 52
71 63
73 38
58 24
90 88
63 57
89 35
82 14
44 54
42 39
40 62
76 78
25 58
31 56
77 9
40 3
5 77
70 91
4 74
100 58
93 88
44 93
82 64
30 38
28 79
81 42
66 31
28 20
69 81
52 78
15 24
40 21
79 34
91 7
98 8
93 75
40 99
55 32
1 39
94 72
67 26
75 18
78 64
59 34
43 95
95 87
81 87
49 76
4 42
34 35
58 75
92 47
100 61
29 37
90 54
96 29
84 17
34 60
84 47
26 84
94 3
1 78
92 74
32 35
45 48
70 82
89 17
63 48
21 12
76 43
43 45
83 97
37 49
53 91
23 90
41 96
66 76
47 88
13 5
60 67
36 28
65 98
34 63
16 83
88 93
2 42
71 1
15 10
9 83
4 73
61 23
15 74
47 70
39 30
28 14
53 6
42 46
66 73
23 61
91 86
93 29
99 45
77 46
90 61
87 72
39 83
90 33
99 22
66 65
49 56
39 1
67 94
77 49
44 11
57 78
76 81
65 28
39 92
45 53
42 68
54 77
71 65
29 59
36 63
13 99
2 64
6 34
6 40
45 95
63 100
59 75
8 65
58 34
24 84
28 22
71 90
26 1
71 100
27 93
66 9
83 94
67 2
18 11
35 95
76 93
87 1
91 87
48 40
14 80
4 49
65 8
23 88
16 14
22 20
88 30
3 75
39 37
71 44
11 27
93 19
15 64
69 49
20 9
36 72
71 32
7 86
54 19
32 58
38 77
41 50
17 54
42 60
8 51
15 11
36 25
61 82
43 30
83 19
40 47
100 58
83 40
37 36
72 18
22 38
85 1
30 42
65 73
24 55
70 80
87 19
72 26
86 4
99 59
21 22
27 98
1 35
40 71
94 29
38 14
51 84
78 9
72 89
36 11
80 12
36 66
3 67
43 67
34 96
95 2
99 64
9 73
45 20
37 29
9 79
7 95
52 88
73 87
39 88
76 96
40 57
9 62
65 80
61 48
42 63
64 29
77 90
49 11
1 11
43 80
60 13
10 40
76 52
54 24
3 44
8 55
28 65
43 77
95 16
9 31
15 3
79 26
73 25
60 36
86 87
48 61
42 45
65 49
98 23
98 79
100 61
19 94
43 93
52 15
29 89
51 33
6 24
58 94
80 29
15 54
98 34
96 57
87 16
67 78
31 60
34 69
46 4
93 35
64 3
48 91
35 67
55 68
88 53
2 78
59 7
44 22
44 96
51 12
29 49
50 30
32 25
16 38
32 74
21 87
12 26
39 36
86 78
41 57
72 93
86 36
97 71
13 30
79 31
35 73
94 9
73 93
69 48
56 52
30 66
98 9
74 78
48 75
58 67
19 22
24 36
46 43
82 45
46 3
93 45
33 89
14 32
27 31
49 98
65 57
88 91
17 32
1 39
10 8
71 40
95 62
22 80
80 74
44 5
57 66
42 81
19 60
10 82
24 74
5 78
58 69
16 94
31 21
26 93
13 87
32 7
93 36
62 41
64 61
19 3
93 1
91 92
76 70
60 39
91 20
52 63
30 57
82 33
61 19
16 11
27 63
39 60
40 25
49 24
65 63
55 71
60 7
50 38
22 77
50 77
84 71
81 66
31 61
77 100
56 78
50 46
93 20
76 19
97 77
65 49
71 17
97 45
32 92
21 55
9 23
41 85
97 51
83 55
55 96
60 88
51 27
85 89
26 99
65 34
9 41
35 92
6 35
35 45
56 44
34 16
74 59
8 91
66 20
18 77
96 73
51 56
36 98
77 46
74 18
36 45
31 58
42 71
1 59
91 83
51 65
70 15
98 76
82 14
72 35
54 80
100 87
55 24
79 12
96 73
82 20
5 39
19 29
75 68
13 8
17 95
72 34
81 14
68 19
56 70
8 18
75 90
43 10
44 20
78 69
6 13
97 36
53 74
71 12
97 19
95 94
52 99
10 59
28 67
18 90
16 52
91 80
72 57
39 75
61 42
18 72
62 52
50 97
50 80
55 7
30 5
50 85
83 33
52 12
35 20
55 22
34 54
22 69
50 51
37 76
46 72
13 68
6 48
29 60
87 19
20 23
56 87
36 8
18 89
71 95
43 70
40 23
8 91
6 96
32 57
41 26
83 15
18 35
77 74
90 23
81 98
11 8
10 15
19 63
88 6
70 99
47 36
7 84
90 23
58 84
8 56
15 40
53 96
81 24
29 44
38 100
57 23
76 83
6 37
82 7
65 21
56 65
78 55
17 45
24 15
40 60
40 100
70 93
78 5
6 14
20 42
17 24
10 39
99 60
23 16
12 63
70 74
89 80
31 67
52 75
25 16
13 80
44 95
25 40
57 26
59 78
100 64
46 34
29 16
6 19
98 16
3 90
13 4
16 6
76 92
36 20
57 84
5 79
3 22
27 48
41 76
99 61
74 75
54 50
87 40
14 49
91 12
32 62
82 71
22 64
84 22
48 74
67 14
4 88
53 90
71 83
49 43
47 49
13 71
54 41
83 48
41 54
31 47
26 98
73 50
95 93
70 35
97 67
61 41
30 92
25 56
33 3
14 80
100 72
34 65
69 20
78 82
15 30
1 66
21 70
67 74
47 68
33 69
96 89
73 95
43 91
21 71
20 25
72 32
51 93
63 77
78 53
8 68
83 35
49 60
9 40
55 2
66 56
39 40
12 84
32 46
92 62
73 1
62 42
42 96
89 87
12 61
68 66
47 67
73 72
2 47
9 84
1 37
16 23
13 43
97 6
3 5
97 46
8 77
29 63
27 39
54 59
22 24
30 56
6 48
99 3
60 20
60 81
25 30
3 96
9 76
80 87
52 95
86 14
73 61
64 12
74 51
11 3
100 41
81 56
73 46
91 95
42 97
9 77
63 6
72 2
16 85
80 84
44 37
42 51
38 43
11 71
4 5
39 21
56 40
60 24
53 26
50 35
71 6
14 68
72 82
88 3
77 45
14 42
57 38
21 6
46 95
43 80
42 98
4 3
22 72
42 90
2 99
44 81
90 36
19 47
44 23
73 60
14 1
4 25
21 24
75 86
11 35
33 47
61 15
21 6
57 70
16 26
99 27
24 3
73 50
49 6
59 2
68 45
82 53
31 68
5 22
41 2
18 10
93 47
48 91
99 44
92 3
75 7
75 13
10 17
73 13
22 91
35 76
59 95
78 97
78 9
22 56
28 36
33 81
69 80
75 38
32 75
56 51
87 73
79 54
100 37
86 7
22 93
91 40
97 66
69 28
51 94
94 92
12 7
18 99
73 87
40 14
10 38
74 52
27 44
15 2
61 35
21 7
29 27
33 59
73 31
24 50
86 78
91 44
25 31
77 40
12 59
65 28
98 71
22 25
42 27
66 56
52 58
5 56
33 73
81 33
40 18
85 79
36 27
91 6
63 4
80 7
94 74
72 24
22 3
43 25
38 27
16 86
31 70
55 2
67 82
9 84
45 19
83 82
50 71
83 22
99 57
62 33
32 45
45 14
39 56
32 11
28 77
86 32
52 84
65 68
18 49
99 42
25 62
77 80
12 45
99 82
73 82
32 94
49 86
18 63
14 3
54 51
34 29
7 33
43 29
45 48
17 77
17 36
18 68
6 14
96 36
15 12
74 42
75 88
44 37
44 6
21 2
72 14
78 51
17 69
29 34
32 76
21 25
45 46
4 70
30 91
59 87
18 70
31 50
26 42
72 31
46 38
1 97
61 3
30 52
38 66
51 62
25 46
1 15
88 69
31 2
40 34
16 88
52 9
9 51
25 29
74 53
23 100
43 33
28 31
9 94
84 70
53 12
23 81
11 14
60 20
72 36
59 17
99 5
71 84
31 18
9 81
65 73
67 21
18 52
65 99
73 66
11 34
31 18
32 46
47 77
64 63
70 2
49 64
81 49
73 58
70 60
34 60
44 14
48 19
22 72
94 25
54 81
98 31
30 62
20 6
64 61
51 24
17 3
51 30
7 53
21 22
8 15
20 56
20 99
24 80
2 35
37 28
82 84
78 92
27 37
45 31
12 83
56 76
82 58
4 29
9 87
63 36
78 74
66 73
32 26
46 47
35 46
98 35
6 73
40 8
73 59
50 31
48 94
80 72
29 84
47 78
72 16
34 53
78 67
56 10
76 97
34 39
44 72
12 84
80 21
35 83
11 87
65 57
92 63
50 34
19 22
61 21
38 9
62 98
91 74
31 37
99 1
35 76
83 13
59 37
4 90
37 34
45 25
37 23
1 50
83 81
57 37
75 27
92 16
38 35
7 21
64 19
48 73
66 73
78 93
38 71
37 17
13 25
84 80
38 10
65 97
74 18
19 83
47 34
40 88
83 44
3 65
54 8
45 90
36 58
80 33
88 75
86 63
60 99
61 51
1 89
25 6
20 97
40 21
67 55
8 33
94 91
41 76
35 11
62 68
52 91
18 19
47 24
76 42
80 20
28 8
96 63
55 78
39 94
75 62
83 8
31 37
79 69
57 14
75 80
57 2
17 84
48 16
61 2
83 65
61 5
55 28
2 80
60 53
47 16
62 67
52 39
4 93
19 29
55 13
67 33
92 20
56 71
86 63
23 6
85 94
47 38
56 40
9 21
58 14
5 89
46 10
19 99
32 92
70 89
65 64
85 54
52 17
65 17
18 64
32 36
64 16
38 32
84 67
63 11
95 26
61 8
55 66
91 80
7 30
10 21
73 92
61 9
17 37
4 38
36 37
97 74
80 33
15 26
82 80
