400 800 2000 237
396 153 483
237 339 632
224 6 260
200 48 750
45 331 641
230 22 782
110 114 471
277 49 589
364 352 460
69 349 292
110 312 528
112 373 41
117 109 684
264 116 789
220 319 25
384 359 247
41 300 635
215 107 124
320 208 228
312 79 632
352 125 505
9 104 248
399 53 735
17 322 273
237 141 525
168 390 524
124 301 762
301 104 324
261 241 634
98 217 617
148 262 794
206 396 917
277 284 514
155 184 747
82 267 607
82 278 832
356 124 707
169 64 327
309 319 691
198 237 550
60 241 908
383 243 935
171 300 109
365 247 480
207 371 356
128 302 642
322 25 100
111 245 249
371 297 515
96 250 467
112 257 172
264 316 502
229 108 388
393 10 208
215 148 839
124 172 725
116 303 260
360 66 928
217 178 493
144 197 118
9 285 846
360 373 104
166 18 533
4 344 996
128 199 514
169 80 418
57 143 434
147 86 964
89 47 677
221 381 71
190 372 5
47 177 127
118 248 947
192 250 103
73 299 231
40 330 904
105 372 202
31 50 355
82 14 119
61 93 898
144 21 85
131 350 235
350 374 893
37 371 731
114 71 947
106 276 485
78 171 4
52 92 839
109 7 565
314 286 935
223 36 793
59 206 897
306 300 254
344 141 862
31 201 540
269 23 195
44 79 239
156 375 930
306 54 36
95 355 634
334 399 789
358 52 206
126 379 954
199 389 334
108 41 543
351 354 806
353 125 654
290 194 525
14 368 119
331 222 235
123 391 565
94 364 933
195 117 15
247 264 37
116 181 47
374 63 861
239 22 791
138 90 190
308 354 852
325 62 215
77 239 684
136 187 128
88 308 41
94 338 361
219 115 442
166 35 584
310 320 953
92 376 553
184 126 423
306 112 253
212 387 287
20 158 370
356 346 224
27 83 289
241 6 707
357 308 58
12 21 195
78 51 408
147 285 707
363 126 86
86 95 50
106 12 229
289 164 398
379 272 687
252 315 142
67 232 72
45 334 798
197 337 317
351 48 608
317 316 567
219 253 765
145 324 193
216 302 762
170 21 543
141 177 973
170 200 191
379 287 141
142 310 707
195 77 434
390 348 99
317 3 514
37 143 403
203 134 837
149 151 342
237 242 108
304 151 303
208 239 725
175 128 629
257 148 463
320 82 730
185 397 58
119 267 552
164 375 257
159 226 268
13 374 727
53 42 356
326 33 170
224 254 847
301 250 698
227 6 104
141 36 721
348 71 60
329 169 468
349 374 567
31 381 581
74 310 951
241 62 393
164 348 168
108 311 194
345 374 761
42 63 785
214 307 741
232 144 988
158 104 957
340 224 145
20 43 445
180 386 678
225 91 970
74 274 352
146 332 4
281 163 680
85 144 414
345 347 857
288 287 874
257 376 287
68 8 623
347 379 797
127 321 336
314 134 580
354 219 935
400 278 505
254 171 353
197 237 81
242 80 158
327 113 592
272 346 55
183 178 324
227 200 364
124 384 801
90 75 505
302 23 503
361 265 197
17 143 791
36 176 814
234 353 494
69 244 651
349 74 189
277 184 955
71 368 737
78 272 505
283 383 95
373 146 512
19 314 969
299 105 894
365 343 160
223 122 589
204 397 216
315 114 397
397 277 881
57 265 48
182 150 273
298 170 302
211 209 967
209 2 135
135 378 905
20 105 171
30 209 509
343 1 989
306 256 164
27 239 998
152 254 294
76 215 7
303 309 838
137 205 721
176 75 730
209 233 103
266 390 739
323 384 496
14 116 55
387 234 106
212 102 447
161 252 951
87 100 627
388 83 128
283 364 922
287 101 497
49 210 773
166 39 37
275 362 809
324 81 856
235 273 62
300 382 501
2 343 276
194 252 663
291 214 381
182 363 615
93 337 582
172 275 30
294 285 524
286 61 811
56 24 229
299 367 132
121 384 873
66 102 447
249 75 170
381 228 238
186 62 454
309 394 907
137 338 836
361 229 66
307 70 538
268 354 980
336 341 684
154 36 781
52 179 88
197 214 744
189 388 79
116 282 371
339 58 280
273 197 785
123 363 570
241 178 450
151 354 252
271 261 440
84 279 785
72 35 645
87 303 833
196 382 905
130 163 945
84 173 910
318 171 121
362 97 506
131 31 215
361 29 564
128 296 272
128 297 704
279 262 36
392 246 364
141 136 938
49 328 446
268 398 720
347 292 930
154 191 884
53 165 541
132 335 872
28 366 687
174 219 226
75 11 874
397 180 466
232 24 82
331 157 17
321 26 816
306 140 64
135 53 462
59 112 225
10 332 231
240 89 283
220 33 67
193 274 604
127 114 618
133 169 246
27 226 706
281 127 87
246 283 819
204 324 699
132 186 155
166 225 2
5 301 250
167 181 557
59 34 780
218 108 459
342 77 729
1 18 723
293 117 323
8 280 673
375 213 712
235 280 329
125 16 84
332 366 475
205 129 567
46 255 616
352 377 737
73 270 666
263 188 311
46 398 488
18 370 416
139 216 584
341 198 319
40 73 72
84 162 942
238 134 706
82 55 220
113 261 829
103 332 133
15 101 936
305 373 610
38 254 983
231 349 932
120 321 623
258 136 392
32 330 314
385 67 548
353 245 538
380 252 734
39 248 42
54 263 594
188 65 945
369 249 961
252 202 121
260 35 37
351 251 496
295 372 661
219 99 246
43 313 338
160 339 734
395 227 789
166 236 609
333 231 946
259 400 684
225 23 531
117 256 622
188 311 923
362 190 464
107 283 507
273 237 286
45 208 934
178 340 87
202 26 739
76 214 891
150 30 841
293 87 457
394 260 819
394 326 262
368 155 37
136 264 952
231 19 711
38 229 175
215 117 34
357 221 327
211 31 412
302 118 716
277 296 398
15 25 733
326 172 921
154 276 303
31 291 96
225 302 809
225 209 196
210 6 461
102 271 133
356 74 419
286 10 631
354 120 353
318 149 972
183 65 310
236 16 865
43 126 614
271 246 805
82 250 625
118 353 983
283 1 718
109 276 197
140 173 13
114 95 543
200 280 427
162 1 405
261 190 840
82 340 499
375 262 495
119 95 717
53 263 136
290 197 816
113 130 493
322 316 418
116 234 390
103 202 437
39 74 880
319 236 984
241 268 611
295 49 325
282 114 525
41 346 316
198 24 523
251 373 928
385 358 904
392 304 402
322 214 872
373 17 800
214 321 952
187 318 868
283 363 588
248 34 298
373 87 773
62 342 631
375 241 579
105 185 376
356 159 682
173 248 509
361 118 48
9 193 280
24 91 648
371 298 48
312 367 869
312 392 436
151 144 66
10 262 980
160 201 472
103 247 40
292 295 702
384 264 205
93 229 934
342 92 544
382 96 545
356 125 247
188 285 307
301 135 612
199 45 632
341 347 732
84 285 949
111 11 832
267 314 994
143 53 742
136 23 83
254 337 740
211 356 930
113 15 246
382 361 220
380 152 317
208 252 740
305 289 532
272 25 922
108 132 604
66 263 445
180 324 272
36 285 386
242 356 578
196 224 762
334 313 147
110 18 536
130 336 48
252 138 252
205 232 402
129 61 838
184 306 122
234 166 102
248 21 665
269 308 995
317 36 409
42 124 747
186 7 367
110 337 729
375 83 756
237 145 668
393 375 167
169 400 455
275 65 245
280 361 66
118 177 999
71 43 418
31 327 440
68 376 255
139 175 603
228 274 53
396 31 392
204 196 985
119 380 168
320 95 336
263 118 727
161 31 927
76 203 948
348 366 415
66 389 936
273 127 463
151 281 542
253 280 584
261 392 564
357 32 229
339 151 731
168 397 407
136 106 130
109 294 262
37 333 408
188 240 36
231 202 95
138 351 993
3 142 243
200 392 799
294 391 908
251 174 214
9 50 403
231 109 463
188 380 208
325 182 491
274 95 396
313 93 111
357 4 165
57 60 165
375 192 684
105 391 252
361 231 289
48 213 924
343 236 721
283 397 808
179 237 505
222 306 35
142 31 511
236 248 408
349 337 712
166 355 875
61 330 234
27 73 798
194 320 443
337 140 814
214 263 363
250 37 764
356 24 796
313 136 700
396 78 915
152 345 261
112 152 281
348 163 996
166 170 942
265 25 78
107 398 415
166 223 275
36 78 195
270 320 272
232 310 63
78 398 993
281 220 951
15 30 189
113 229 209
30 21 134
301 37 873
96 107 121
167 3 535
306 189 844
125 160 961
111 116 348
132 16 126
229 340 357
20 394 232
98 57 246
356 275 530
208 361 495
72 93 285
293 25 869
123 373 740
346 92 466
233 32 500
224 243 863
267 59 653
400 282 653
309 80 370
56 245 229
375 347 68
383 370 18
165 356 55
392 69 620
201 6 601
300 398 877
323 328 883
135 60 412
221 122 619
140 345 625
366 273 781
265 156 76
356 118 158
256 46 522
200 271 515
333 372 831
380 230 137
33 399 25
109 73 300
87 6 213
304 81 128
225 75 806
155 13 465
170 306 628
203 260 188
306 46 401
162 375 404
344 276 963
320 312 907
334 352 161
14 339 552
128 338 871
142 187 428
34 373 921
325 388 271
92 178 20
373 46 822
15 114 984
37 195 215
56 206 227
82 251 76
171 188 394
391 80 655
300 133 50
32 168 980
23 179 935
26 133 468
53 219 56
139 396 545
295 18 561
62 207 956
97 186 195
140 155 124
224 169 621
193 336 197
347 337 200
167 213 439
328 24 446
137 361 773
192 204 204
299 4 644
266 213 849
93 236 579
146 255 155
311 93 600
273 73 267
213 338 933
118 232 563
35 120 637
139 109 693
393 322 519
370 240 765
60 249 967
391 16 454
172 317 966
25 163 794
109 89 198
254 195 132
247 63 187
41 107 648
344 36 7
241 40 237
74 213 629
109 126 51
389 98 814
330 114 471
172 387 243
12 91 819
332 335 54
154 82 675
328 196 535
162 161 771
222 346 138
191 152 71
351 102 714
47 286 51
105 326 881
148 252 853
247 119 310
8 229 494
147 176 607
388 377 542
113 190 298
99 12 567
158 204 340
227 175 436
285 327 734
340 79 329
212 77 625
332 219 317
376 329 999
203 293 839
271 197 548
79 11 992
309 329 69
301 57 875
164 300 268
1 218 793
359 213 405
250 8 943
256 28 804
3 212 399
56 229 778
298 245 300
289 144 580
350 5 430
182 312 372
370 106 725
45 294 996
19 187 176
203 228 266
86 285 526
168 310 627
294 240 206
164 333 187
313 87 886
2 12 277
390 17 323
294 72 715
102 378 278
340 305 513
270 236 390
63 376 142
241 172 416
21 20 288
111 176 724
78 341 126
210 250 200
32 64 713
360 275 807
115 45 615
242 273 684
38 75 997
294 293 983
68 17 157
76 316 297
332 309 740
179 134 572
284 113 132
95 336 409
338 375 699
335 194 410
257 352 797
358 185 542
396 135 749
304 61
262 42
258 369
155 252
165 88
247 187
49 276
247 192
396 40
178 56
360 43
311 383
340 262
173 29
191 283
108 124
148 205
218 58
195 324
323 31
310 120
380 154
46 204
173 138
338 309
327 314
369 42
190 213
296 80
215 117
186 309
60 113
367 291
219 146
307 54
294 162
360 129
40 211
318 239
273 94
75 136
325 221
379 373
271 302
337 177
53 31
22 223
49 373
216 6
38 13
202 329
371 68
107 331
15 371
338 249
214 74
54 310
393 241
243 19
143 212
243 36
144 154
364 275
301 83
263 213
111 72
103 227
319 388
354 283
175 271
323 235
275 116
268 346
86 391
386 8
84 299
86 370
280 276
269 291
265 216
54 191
269 379
82 131
12 360
395 89
283 80
110 156
315 378
268 17
284 400
395 146
247 28
176 316
213 46
185 106
37 367
226 230
229 189
221 69
332 210
230 94
387 217
238 319
361 204
16 240
268 336
100 232
53 323
355 286
377 84
181 153
131 305
256 290
270 112
305 206
88 143
382 118
31 206
195 25
38 284
208 228
355 275
44 226
340 2
396 22
284 77
400 35
217 168
278 241
383 235
78 96
362 266
379 168
268 243
336 106
391 54
174 100
215 388
70 214
236 198
287 112
39 332
4 23
76 278
183 160
32 283
130 150
276 60
271 355
39 55
49 319
205 22
319 142
115 149
337 113
41 131
40 160
84 293
33 9
174 191
286 309
12 183
122 265
144 156
123 134
362 273
73 366
73 350
92 376
294 99
194 369
84 285
53 62
33 312
6 92
153 157
372 386
329 233
325 188
319 30
103 154
36 185
60 161
61 378
233 9
347 215
365 17
171 315
362 198
337 45
41 43
202 368
183 195
110 222
80 26
364 95
228 280
74 86
380 238
253 210
69 388
209 321
78 252
180 286
244 364
315 159
390 69
129 41
2 326
171 53
132 124
103 79
153 253
16 184
51 321
111 66
293 95
319 21
219 195
256 2
364 155
398 103
334 210
117 335
92 197
163 396
342 397
14 235
303 205
366 320
23 366
233 385
120 69
249 17
118 146
266 368
77 5
117 290
311 124
13 106
272 265
261 184
114 224
321 34
69 232
382 268
58 61
180 313
168 316
208 342
239 210
350 222
332 380
232 54
54 175
177 17
74 206
64 176
278 334
320 305
152 65
316 310
179 52
169 53
240 4
220 125
89 218
194 195
344 236
133 185
282 84
40 14
89 142
399 219
306 98
107 249
149 2
51 123
352 96
54 380
348 176
328 376
79 158
155 249
167 389
37 266
187 230
44 293
239 100
349 52
229 115
195 8
221 24
60 277
121 207
284 364
206 119
363 361
308 36
197 220
124 271
369 314
95 3
279 215
150 354
384 277
170 76
385 378
43 381
291 290
375 28
245 382
284 201
114 35
300 268
218 305
178 241
37 238
292 230
229 73
189 16
361 43
292 134
51 64
384 382
329 393
237 197
128 121
142 51
66 111
333 250
81 28
54 357
155 44
317 319
43 33
356 154
223 367
137 136
175 252
130 184
264 195
267 79
245 308
110 3
81 150
92 346
19 185
165 106
44 33
161 158
381 186
6 354
158 127
19 195
186 13
49 278
343 351
114 173
213 3
21 249
287 289
71 375
84 28
331 3
399 149
341 343
181 41
220 324
315 80
142 265
377 237
358 39
350 133
308 320
282 76
336 356
104 68
275 144
328 186
165 52
134 59
239 236
4 111
178 271
320 275
239 142
213 400
127 147
259 380
367 59
308 374
55 379
392 8
371 13
47 119
13 80
205 396
168 329
382 73
28 170
8 261
349 335
165 304
378 359
357 126
277 299
389 60
204 93
381 387
349 239
83 42
23 202
294 23
196 146
338 38
175 80
398 163
395 129
344 280
89 27
3 57
159 243
163 88
41 149
79 202
64 344
98 93
158 356
328 76
43 194
72 209
70 276
253 77
363 312
306 271
135 249
87 128
134 239
305 366
135 254
81 110
331 86
260 197
55 11
91 197
104 32
101 161
168 399
110 122
310 152
345 380
64 392
243 168
317 73
20 51
236 160
267 207
19 250
249 34
286 329
149 45
254 2
211 359
321 26
70 372
231 294
78 301
242 313
204 372
36 138
165 83
357 311
103 31
91 114
106 318
108 51
365 166
204 278
86 51
144 218
369 56
294 48
151 161
343 112
314 33
308 254
11 55
187 29
334 190
364 228
59 202
251 345
11 364
123 367
52 335
14 320
191 31
349 131
167 380
373 295
225 79
229 49
355 206
81 379
66 58
286 217
323 288
350 120
291 99
297 342
390 376
133 327
362 53
232 242
119 77
164 138
80 307
95 99
73 309
63 397
166 379
335 85
131 145
246 118
199 397
208 397
160 274
139 62
137 236
141 197
311 344
320 50
128 148
186 8
332 57
11 236
283 371
347 24
355 376
295 178
65 339
218 106
77 286
153 103
55 6
304 148
62 152
342 106
365 295
366 70
320 313
396 376
42 10
83 8
341 137
248 213
145 250
277 333
307 267
302 135
163 281
114 133
375 339
299 172
78 393
307 235
140 224
372 99
262 374
139 49
155 87
27 149
91 184
236 282
122 338
260 341
202 350
121 387
376 305
3 389
210 392
36 102
302 256
398 75
62 228
360 82
281 249
145 351
288 182
188 258
161 368
215 100
354 4
109 334
103 193
283 244
197 180
157 94
136 143
351 169
36 257
247 380
362 330
33 174
175 368
15 140
264 38
310 235
321 218
182 13
241 334
387 160
284 140
203 281
215 60
49 293
396 302
260 294
336 45
235 113
264 27
367 23
369 335
112 59
232 226
10 323
336 325
57 323
158 187
276 201
251 292
128 45
314 148
85 174
187 363
236 5
109 385
168 243
155 6
117 220
316 248
316 24
220 358
237 99
366 19
73 354
32 285
255 4
359 146
141 205
282 104
390 381
163 11
262 232
390 276
140 354
166 332
205 246
221 44
312 142
111 355
107 15
317 239
128 277
28 224
161 278
106 3
331 222
12 333
109 238
302 190
126 158
161 339
214 107
54 46
12 64
110 393
393 181
36 50
177 40
33 349
364 347
321 312
24 354
153 269
174 119
250 296
14 390
255 214
55 75
163 260
143 135
273 233
210 111
52 246
122 40
318 295
156 197
182 326
81 85
245 295
351 346
9 221
191 9
380 98
120 262
32 136
79 158
78 118
161 266
309 72
103 23
10 194
290 231
49 292
379 72
223 148
176 57
45 304
42 329
110 93
63 325
142 306
175 76
189 340
163 276
132 37
261 269
48 53
182 243
86 240
65 385
361 80
109 229
89 173
207 15
274 126
320 232
12 26
205 39
192 142
158 68
5 228
165 74
203 396
365 382
8 259
337 368
218 309
250 162
158 122
208 158
37 155
265 21
272 67
216 389
397 175
190 8
310 200
367 297
133 20
347 370
322 245
358 107
390 62
53 72
275 344
67 161
392 246
139 293
278 237
367 385
293 317
276 262
192 77
220 150
229 323
19 40
83 247
391 310
244 9
202 290
19 201
123 132
393 141
65 377
287 173
169 59
118 134
299 158
189 338
122 243
239 191
326 311
227 24
218 4
174 230
127 205
295 249
234 121
174 321
117 339
288 193
223 323
160 139
120 250
380 175
232 131
80 66
10 184
281 215
317 86
384 341
133 62
134 12
324 337
174 352
179 323
191 373
251 397
344 156
194 235
273 184
282 347
111 127
354 383
288 2
356 361
368 150
325 54
66 111
323 354
394 107
275 219
252 178
156 231
270 219
33 71
213 131
321 342
115 182
268 232
361 324
124 39
153 99
171 243
239 330
343 279
323 382
46 56
276 119
377 148
337 23
241 182
53 258
244 167
324 224
188 340
80 283
111 80
27 288
112 144
27 132
119 349
277 392
130 72
178 119
273 149
186 48
206 202
304 269
213 306
34 96
203 73
116 92
349 379
2 180
245 185
287 86
141 189
114 251
117 338
152 335
331 174
131 185
223 188
41 131
173 289
93 326
5 37
179 324
393 261
226 282
107 164
181 241
272 118
377 148
172 15
336 270
176 346
210 142
337 382
113 114
362 135
6 61
239 375
192 269
258 189
225 218
354 186
152 391
217 123
201 147
17 261
379 67
31 279
147 218
399 310
155 171
44 43
244 141
391 218
201 142
383 196
216 135
173 11
393 299
191 156
274 114
88 11
48 371
243 32
169 272
309 52
206 275
152 135
332 315
15 151
253 227
42 158
72 342
368 119
257 103
216 239
270 227
252 375
260 278
255 224
170 36
39 210
134 230
320 159
264 97
208 32
35 296
370 256
196 267
119 333
42 365
377 64
266 315
208 293
75 8
206 291
88 281
159 13
394 258
241 247
243 108
60 38
96 355
329 151
28 150
334 321
23 264
98 122
171 257
209 241
22 162
7 226
95 75
166 143
139 57
332 82
67 86
129 304
102 323
167 60
68 177
157 85
202 287
101 220
335 333
305 207
311 176
255 370
168 366
248 204
154 241
315 31
160 79
270 275
335 176
200 214
76 288
300 353
262 293
92 315
83 106
28 16
160 62
236 254
357 125
139 32
70 352
36 269
54 298
229 27
131 201
148 268
353 52
41 314
377 134
161 93
42 325
315 13
387 358
284 19
339 246
351 117
224 121
279 12
88 370
224 8
226 35
108 340
15 237
398 195
174 135
17 240
246 351
361 215
234 34
272 400
254 216
182 136
310 152
180 151
232 195
65 234
188 340
107 73
388 357
392 293
164 355
251 84
35 299
308 305
375 134
235 173
89 241
119 110
57 232
24 115
149 144
141 48
381 264
320 132
91 40
258 158
290 68
76 260
337 365
272 396
398 88
8 51
303 67
371 307
397 382
276 358
197 123
201 230
149 294
329 78
138 383
72 332
196 362
311 335
373 175
295 187
13 351
72 338
330 118
16 115
360 365
347 370
18 25
381 216
18 265
59 4
209 339
129 264
189 167
284 9
189 7
359 125
34 116
48 23
234 397
310 209
166 394
13 385
147 208
14 121
212 264
74 211
122 332
364 118
172 42
369 126
154 8
361 397
378 244
240 388
23 283
194 61
273 303
239 295
96 156
370 142
343 199
345 398
79 119
382 209
395 244
163 348
360 149
357 372
342 145
373 294
126 240
211 186
47 144
26 297
319 354
273 259
9 276
384 26
243 300
143 286
172 217
261 283
171 388
177 63
143 172
308 88
183 154
73 371
60 308
95 358
264 326
65 309
23 208
334 200
259 101
116 261
336 152
143 106
376 79
204 26
369 340
152 162
81 323
343 118
112 308
49 113
178 52
259 312
347 51
341 83
205 36
305 221
362 274
115 143
260 292
266 127
226 141
211 245
2 316
338 135
86 26
84 111
114 264
53 31
294 9
152 4
165 230
347 228
237 53
326 123
315 286
4 339
196 207
116 151
232 206
271 370
333 370
329 32
396 118
312 192
121 282
181 326
391 25
294 208
302 361
5 162
17 154
300 162
302 261
319 112
141 344
286 134
107 361
328 191
366 299
295 319
369 284
113 198
284 343
293 218
269 383
347 147
106 86
145 341
259 119
288 159
95 170
394 363
291 367
175 52
228 233
251 75
108 130
236 5
238 128
283 203
367 326
384 318
164 270
381 142
125 279
109 375
96 307
315 61
239 389
296 162
384 93
38 11
376 316
119 101
33 152
229 17
171 94
151 180
60 177
23 293
299 87
379 182
344 99
331 81
367 87
392 377
132 374
95 75
217 73
6 284
213 392
246 166
219 261
54 43
227 92
260 311
377 201
388 396
168 348
360 194
258 328
141 329
41 190
157 257
95 236
12 193
96 224
296 47
214 361
194 107
309 334
45 344
351 231
74 80
325 114
369 253
324 229
143 243
249 308
285 398
378 382
392 7
328 315
295 161
140 360
10 57
234 131
358 376
98 342
311 289
25 158
15 69
308 70
273 340
220 107
105 44
336 55
96 247
229 334
353 55
114 75
262 287
36 53
329 51
374 349
286 301
89 57
33 141
193 86
377 106
135 74
373 145
171 71
23 134
317 212
132 139
262 307
116 69
140 82
383 124
176 352
355 342
244 233
108 204
192 332
239 342
35 110
363 49
187 67
89 316
76 176
109 355
315 177
308 172
284 21
92 383
15 244
90 297
60 131
356 5
28 47
264 342
135 168
169 166
91 320
79 85
52 179
121 173
192 298
215 305
29 241
366 330
154 345
10 179
392 61
142 374
257 222
58 217
226 370
258 203
333 281
78 271
376 63
340 88
33 24
56 64
289 270
148 289
178 244
189 334
153 127
68 379
96 195
386 260
38 292
3 180
54 250
142 172
331 302
13 243
97 10
219 87
20 338
369 226
377 103
29 124
342 186
224 192
307 111
161 351
189 35
99 101
12 370
106 196
141 186
90 78
355 129
61 57
216 302
167 353
171 122
118 70
67 351
210 358
126 370
207 287
257 278
175 114
48 128
344 194
356 278
167 319
127 122
99 187
275 212
142 122
200 241
206 136
46 200
200 113
291 66
6 151
302 282
397 377
220 221
223 68
216 31
187 17
219 74
130 314
157 50
362 302
202 194
130 237
288 29
40 65
366 378
60 134
136 124
106 111
33 132
203 252
174 236
381 231
203 148
23 146
232 148
343 261
192 147
38 115
73 361
52 211
243 241
277 348
373 107
8 327
274 348
92 17
200 365
383 109
274 129
337 9
73 377
254 280
212 168
46 312
243 287
292 131
61 179
313 321
257 145
263 139
178 243
273 384
131 288
331 63
318 52
120 190
43 240
252 76
321 294
129 194
324 27
240 104
360 242
168 149
220 309
261 72
373 174
399 62
206 381
326 394
1 346
1 5
338 131
299 60
320 235
55 236
40 136
162 9
384 29
400 303
20 65
355 226
332 275
227 376
32 239
6 310
153 132
390 382
185 318
243 86
319 131
104 158
373 320
131 351
33 161
219 207
303 197
15 150
211 343
2 153
111 19
369 115
304 78
378 85
44 205
133 243
212 159
98 305
148 25
135 378
378 399
385 251
317 109
29 294
369 243
374 156
40 196
37 180
180 245
310 222
197 70
29 372
311 188
278 174
51 55
16 271
247 14
125 186
363 64
78 289
24 72
96 238
40 277
345 367
172 396
316 241
380 159
324 187
75 83
311 183
37 56
98 395
183 82
201 191
272 356
64 261
399 354
183 387
196 278
130 1
397 329
70 66
247 331
191 215
291 20
28 244
361 107
327 182
54 45
201 379
269 264
132 393
168 10
243 245
328 47
242 196
115 139
85 306
394 137
61 105
189 258
23 146
19 107
385 83
23 322
66 47
25 181
298 175
364 149
258 25
175 259
40 329
227 245
141 269
362 78
272 175
295 289
139 121
356 280
115 82
339 114
155 327
261 26
156 232
384 243
157 188
20 299
116 6
172 299
201 30
50 123
67 20
237 178
316 358
233 35
296 247
139 195
272 174
327 33
1 373
314 275
308 325
209 302
123 319
43 109
158 335
389 376
250 136
163 255
55 133
310 174
127 273
226 184
278 14
129 293
80 46
268 319
126 6
92 123
204 36
362 304
218 39
208 256
128 372
126 304
26 86
265 138
84 229
58 208
265 33
19 80
10 159
170 343
300 324
310 43
265 94
265 84
287 339
240 51
250 87
88 111
140 275
395 305
180 227
194 364
232 372
380 103
143 119
174 170
170 145
197 364
117 113
356 19
393 155
162 298
367 305
228 393
235 141
302 232
363 172
150 224
111 140
376 395
328 73
96 10
274 277
232 223
228 157
36 96
238 60
266 178
120 399
126 290
30 107
351 8
35 342
123 397
377 138
305 18
219 392
376 41
240 346
396 127
360 89
198 79
183 299
256 18
322 29
135 202
197 232
355 181
144 279
244 342
353 131
346 83
238 114
342 339
251 323
96 160
52 297
234 376
257 198
78 246
186 249
266 214
183 354
120 101
36 46
290 313
322 119
147 16
323 232
351 290
239 76
328 251
209 182
295 151
162 360
174 122
232 79
180 360
262 117
99 95
74 283
137 277
376 162
366 56
155 322
305 103
19 175
268 388
253 93
194 18
90 367
210 280
309 286
249 343
290 271
132 294
329 197
141 162
99 151
266 292
199 117
243 100
346 173
18 384
283 239
308 282
85 272
242 91
205 6
7 99
94 34
284 225
184 269
255 176
212 398
161 26
293 381
26 85
11 213
387 357
117 41
16 101
242 329
82 158
175 15
346 329
181 344
309 322
339 70
144 238
23 284
223 277
359 200
102 128
124 326
303 154
50 220
182 21
84 96
70 317
265 252
129 12
129 329
383 307
9 109
341 362
112 146
74 33
60 85
157 381
80 64
34 174
309 244
385 124
89 351
151 304
114 333
294 299
191 72
302 204
393 111
63 299
345 375
137 195
387 322
294 397
147 382
30 1
155 240
169 46
266 135
176 289
16 308
294 317
134 337
198 16
85 23
230 248
139 41
172 181
221 223
222 52
349 90
298 37
332 230
355 84
237 240
237 380
22 243
100 362
57 44
334 184
270 359
260 350
42 261
71 253
40 277
376 15
328 205
220 270
303 121
120 158
27 314
31 343
296 262
163 375
252 154
309 125
316 343
51 25
287 248
328 153
37 141
213 228
40 86
380 85
335 346
180 20
107 353
98 317
330 294
234 93
268 46
90 299
24 350
113 365
389 342
141 133
207 295
222 127
312 232
64 163
324 176
3 170
180 292
215 233
296 249
335 210
342 153
269 115
249 289
86 129
168 304
391 60
321 18
317 245
305 291
56 169
146 159
36 248
85 167
115 110
325 326
141 25
295 46
241 309
177 21
1 390
397 89
146 140
162 122
258 64
123 380
192 242
231 31
266 196
319 224
168 334
294 276
142 21
45 191
241 120
90 188
161 298
223 355
214 14
341 371
188 130
203 234
195 256
29 82
306 115
230 44
392 139
215 360
362 220
383 172
294 396
155 395
270 4
216 385
16 286
231 110
232 364
210 9
284 18
22 291
254 286
